3783 24186
betweenness_centrality
0 0.0
1 0.14915611712016955
2 0.0007238429143733798
3 6.068387370044901e-06
4 0.0
5 0.0
6 0.0003001315529424347
7 0.0008288596588710199
8 0.017242220801529384
9 0.0007648371020712644
10 0.00022596085549973332
11 0.007774731987297228
12 0.0
13 0.0018722706613357042
14 0.0036116008636163546
15 0.0008184369701184488
16 0.0
17 0.0
18 0.00026878927639244026
19 0.0
20 0.006282048792544443
21 0.008896179135736135
22 0.0017340449328084751
23 9.912007619816327e-05
24 0.0
25 0.00015272471965375916
26 0.00024186121673315593
27 0.00010882131312031407
28 0.0
29 0.00013264631893609709
30 0.0062336638290551236
31 0.0
32 5.466513319538661e-05
33 0.0010150869073131937
34 0.0
35 1.7017306250626224e-05
36 2.3107304918994575e-05
37 0.017243847232513317
38 0.014291203071341862
39 0.0014714348993279823
40 0.000267227851080583
41 3.625710035281166e-05
42 0.0015082385231462118
43 0.05078417339751056
44 0.0005557592306813522
45 0.006805218213174559
46 0.04121118867257621
47 0.0
48 0.001847855727192225
49 0.06245174844052742
50 0.0034485687087093724
51 0.009011845499479745
52 2.399727371091662e-05
53 0.042905723538197736
54 1.018321746317272e-05
55 0.0027223378935328744
56 0.0
57 0.00030301912963783716
58 0.00029933137710097963
59 5.3198395638771285e-05
60 0.00011592270657167119
61 0.0018825959594850757
62 0.00035690802167512986
63 3.0261711280556088e-05
64 0.0
65 2.186867510070761e-05
66 0.0
67 0.0019558798944434037
68 0.0008219280614341387
69 0.0007552314285110071
70 0.01749696904591963
71 6.252693035111107e-05
72 0.013781698675089146
73 0.0
74 0.0012882078103959678
75 0.0007513204813165677
76 1.2228345500956057e-05
77 0.0
78 0.0
79 0.014842752423192773
80 0.0062730236756497445
81 2.1751229004497862e-05
82 0.0015556893009783096
83 0.006332238315473471
84 0.00048091617456945954
85 4.5622588473173455e-05
86 0.0
87 4.633962055114859e-05
88 0.00011170482129810318
89 0.00040381065376849984
90 0.0
91 1.2748918249492394e-05
92 0.0014745725538365141
93 0.0
94 0.0007769622289414114
95 2.7317871288617155e-05
96 0.007107096541890061
97 0.003974082569712617
98 8.06499664563074e-05
99 3.368237908319422e-05
100 0.0002430781991659885
101 6.184783517027451e-05
102 0.0003345026469958789
103 3.841910623325381e-05
104 0.00018042238408709998
105 0.00015825662456858428
106 8.312491150545846e-05
107 6.339533072981921e-05
108 0.0001498418888824435
109 0.003439548550865509
110 0.0
111 0.0
112 1.583734807323042e-05
113 0.0003372974921309189
114 0.0
115 0.004792039931118087
116 2.4111293070386356e-05
117 0.0023137901999698346
118 0.0
119 6.234131368823586e-05
120 0.0002183972292255004
121 0.00037952060390250114
122 0.0
123 0.0012073777385814845
124 3.5137216727337357e-06
125 0.0
126 0.0007290110465419145
127 4.465773799656072e-05
128 0.0
129 0.004449288426203751
130 0.0
131 0.0036457589815019585
132 0.0
133 0.01216716361308189
134 0.0005061765625700854
135 0.022494608911415137
136 0.011194893718493963
137 0.0022728344469424024
138 0.0
139 0.023873611500990852
140 0.004089600029151307
141 0.0011383350220544877
142 0.0
143 0.0
144 0.00022580954209118316
145 0.00042126694366033504
146 0.00126950107947321
147 0.00013695272878811213
148 0.00010599881423127012
149 0.05919549891067998
150 0.0005703105476342312
151 0.00015950690423827056
152 0.0
153 0.0011669329491253923
154 0.0024694464367881704
155 2.9138476017006992e-05
156 0.0
157 0.000299542271938191
158 2.572178096904394e-05
159 1.396644773657231e-05
160 0.0
161 8.542169405879257e-05
162 0.00022015486684126
163 0.0001614364539894798
164 0.0
165 0.0001816851054386546
166 0.0005255720225345273
167 3.898184239257703e-05
168 0.0
169 1.7499483224109587e-07
170 0.0
171 2.917673374024984e-05
172 0.0
173 2.8185315567192483e-07
174 0.010441776104206536
175 9.452361207031738e-05
176 0.00024426618616639803
177 0.0
178 0.0008930605569630686
179 0.0
180 0.0
181 9.257951447138015e-05
182 0.0
183 9.348659355965622e-06
184 0.0005348421040570607
185 0.0010423812892962961
186 3.8280848157452596e-05
187 4.0592273956388405e-05
188 0.0006647175611723413
189 0.0007806383488419328
190 0.0
191 0.00012186265357334076
192 0.001830077469543716
193 7.566929981765062e-05
194 0.0
195 0.0038785917883224744
196 7.550179370550823e-05
197 0.000672266679762465
198 0.0
199 0.0
200 0.0
201 4.3206959528769393e-05
202 2.9859875639276897e-05
203 0.0
204 0.00011493952265189117
205 4.144401044025576e-05
206 5.132282089507936e-06
207 0.001539312409837396
208 0.0
209 5.745097872919915e-05
210 0.0
211 0.0
212 0.0
213 3.0354661727700767e-06
214 0.0
215 0.000559414653283531
216 3.3328840367894505e-05
217 3.841910623325381e-05
218 3.0498374638372223e-05
219 0.0
220 0.0
221 0.0016328725847514615
222 3.841910623325381e-05
223 4.9352955125326646e-05
224 6.788949665677033e-05
225 0.0007845092022431123
226 0.0
227 5.479445199396955e-05
228 0.0
229 8.318802457120349e-05
230 0.00022776634711311572
231 0.0008703517023583573
232 0.0
233 0.0
234 0.0
235 0.000268252618837507
236 0.00023618630547751066
237 1.065110345419291e-05
238 0.002534405139291723
239 0.0033455743941533975
240 0.0
241 0.0001534546374171687
242 2.2348730910290086e-05
243 0.0008924152274187713
244 0.004874229058318778
245 0.0
246 4.9005829139654095e-06
247 0.0
248 6.13771785816395e-06
249 8.707756797702318e-05
250 3.55238425851238e-05
251 0.0
252 0.0006240349487494204
253 4.6378476691113424e-05
254 0.0006809204846516602
255 0.0
256 0.00019414800414908602
257 0.008982801564329663
258 0.003929316937764936
259 0.00013673957333177857
260 0.0
261 0.005974252841386067
262 0.0021701991367021178
263 1.2394947362432055e-05
264 0.0015620287071183604
265 0.0005418691576604416
266 5.1999354848157295e-06
267 3.9155150660184795e-05
268 0.0005561376954279252
269 0.007619742122931282
270 1.1361379860502e-06
271 0.0020570091768138048
272 0.00010728319047789466
273 0.0
274 0.0
275 0.0001314434635819412
276 0.013226783692653428
277 0.006589389584316105
278 0.0003829307029538988
279 0.0
280 0.0
281 0.00016459959517464186
282 0.003807777939115917
283 0.0006596677477834464
284 0.007812065745976158
285 0.0
286 0.0
287 0.0006044835270553692
288 0.0
289 0.0
290 4.5781405829476e-05
291 0.0005688824749975009
292 0.00013500157762885728
293 4.5799741166874255e-07
294 8.256604494276828e-05
295 0.0
296 2.028511114628712e-05
297 0.0002349853128981477
298 2.607415017186235e-05
299 0.0
300 0.0004903161928070783
301 7.966270284709163e-05
302 2.073044080192779e-05
303 0.0007693857006899014
304 2.686364900247259e-05
305 0.008922461248450551
306 2.2937882498491822e-05
307 0.000515733334232666
308 8.628771269531636e-05
309 0.0001423133428972886
310 0.0
311 4.229042568008951e-06
312 7.876956006475749e-05
313 0.0
314 0.0
315 0.0002355810470693674
316 0.000258458326910927
317 0.00010706496841796011
318 6.077379337323838e-05
319 0.0
320 0.0010686742127006261
321 2.295282928688471e-05
322 0.0
323 0.0
324 1.4596908783627096e-05
325 0.0
326 0.0
327 0.0
328 3.155149708603355e-05
329 4.547955923202358e-05
330 4.4496772476923135e-05
331 2.3107304918994575e-05
332 3.549292286684871e-06
333 0.0
334 9.813980656539034e-05
335 0.0
336 0.0
337 2.795620964490609e-05
338 3.52126318433286e-05
339 0.00015790471658452243
340 0.0
341 0.0
342 0.0006926882386199143
343 0.0
344 0.0
345 0.0010769201707994916
346 4.3860101693125495e-05
347 0.0
348 7.998486054554732e-05
349 0.014328278465120381
350 8.099992731466217e-05
351 1.9595202835105518e-05
352 1.437154781770078e-05
353 0.0
354 0.00012286425234446003
355 0.007817160580558886
356 0.0014002386619247568
357 0.0
358 8.677066108433822e-05
359 0.0012019655215499418
360 0.0011097827366054335
361 5.699361465501403e-05
362 1.0958125692636586e-05
363 6.664599993064078e-06
364 0.0
365 9.029587769148725e-05
366 0.00012190021030471016
367 8.561022348303723e-05
368 3.0368954090164886e-05
369 7.725742524126016e-05
370 0.0
371 0.0004896591840608032
372 0.00011252053154617852
373 0.007192768531494996
374 0.0
375 0.0002616307279069836
376 0.0
377 9.540667180695203e-05
378 0.00032976261747161306
379 0.0
380 0.0004218640410285486
381 0.0012990319997814735
382 0.0
383 2.6316348737627633e-05
384 0.0005391508055047081
385 0.008758697675690092
386 0.00027673329622182293
387 0.0011326266193415402
388 0.0005478534563684152
389 0.0013082298020277913
390 0.0
391 0.001336020073689946
392 7.251051864347549e-05
393 0.0007445844282602184
394 0.0014973075027993076
395 0.00032328237726217656
396 0.0008753640560232958
397 0.0
398 0.00012334093113926286
399 0.0
400 0.0
401 0.0
402 0.00015877972690414368
403 0.0
404 0.0
405 0.0
406 0.0
407 0.0
408 0.0
409 0.0014897539742998994
410 2.5161894679543746e-05
411 0.0
412 0.0
413 0.0
414 0.0
415 4.0410545227970744e-05
416 0.0
417 0.0
418 0.0
419 7.385048482814248e-05
420 0.0
421 9.75328059884135e-06
422 0.0005278417550916549
423 0.0
424 0.0
425 1.8990436732442105e-06
426 0.0
427 0.0
428 2.539344372621606e-05
429 0.0
430 0.0
431 0.0
432 0.0
433 3.926509545795196e-06
434 1.216493452433385e-05
435 0.0
436 0.0
437 0.0
438 0.0
439 2.9111839839978584e-05
440 0.0
441 7.131020004737887e-06
442 0.0
443 0.0
444 0.0
445 0.0
446 0.0
447 0.0
448 0.0
449 0.0
450 0.0003680484395103168
451 0.001313677039954053
452 4.0052227960041376e-05
453 0.0
454 0.0
455 4.58893473986476e-05
456 0.0
457 0.0
458 0.0
459 2.5051052414478795e-05
460 0.0
461 0.0
462 0.0
463 0.0
464 0.0
465 1.5166800289012021e-05
466 0.0
467 0.0
468 0.0
469 0.0
470 1.2531241059491781e-05
471 0.0
472 1.2531241059491781e-05
473 0.0
474 9.994002997540405e-06
475 0.0
476 5.765725416532204e-05
477 9.55550756501383e-06
478 0.0
479 0.0
480 6.679457913759778e-05
481 0.0
482 8.444484321498773e-06
483 8.444484321498773e-06
484 0.0
485 0.0
486 0.0
487 0.0
488 0.0
489 0.0
490 0.0
491 0.0
492 0.0
493 0.0
494 0.0
495 0.0
496 0.0
497 0.0
498 0.0
499 0.0
500 0.0
501 0.0
502 7.720675201390485e-05
503 0.0
504 0.0
505 0.0
506 0.00017377327125558825
507 0.0011642368887698007
508 0.0
509 0.0
510 0.0
511 0.00018790061360480202
512 1.7173986472273808e-05
513 0.0017440518521441102
514 0.0019036949724568245
515 0.0015729485891055584
516 0.00024252066319108522
517 0.0017491559179561222
518 0.00012481199973788352
519 0.004512871971749868
520 0.0017488715591592397
521 0.0034944590371284567
522 0.002765306088745139
523 0.0002334458452743682
524 0.007317178888152319
525 0.0
526 1.116972540208153e-05
527 0.0011820778651240994
528 0.007716371998379633
529 0.0010854062012756321
530 0.00045037804052103117
531 0.0006035255697178179
532 0.0002720434774367202
533 0.0041735606055064095
534 0.0026784810644490337
535 0.018319781800850882
536 1.1950138511770762e-05
537 0.001979310423678713
538 0.003073161205386088
539 0.0013152594904696582
540 0.03516179796601328
541 0.005884734914519195
542 0.0020146463572567556
543 0.009180310295745462
544 0.00316703368154613
545 0.0004255711203409742
546 0.00015258173456076342
547 0.03603951460892299
548 0.00032151218917261446
549 0.0009990626169777755
550 0.00011348742324187646
551 0.0005128782228054811
552 0.0025491525025045625
553 0.0015350154844179752
554 0.0010725675844039796
555 0.01674188887392046
556 0.005223456727128701
557 0.00776458457577383
558 0.006710176957609588
559 0.0032292109375042857
560 0.004776754835681743
561 0.0
562 0.010583549682384459
563 0.010705895623621568
564 0.03417607707068346
565 0.0007268798150802642
566 0.00040080367670634166
567 0.00043336101936533394
568 0.00391781945890656
569 0.0003830573910088553
570 0.0029888485625985525
571 0.007063111509272757
572 0.0006516190401355682
573 0.00023074552224362899
574 0.002238348904769932
575 3.417307709910195e-07
576 0.00022191554725060732
577 0.00029522449775467403
578 0.00023529467160074804
579 0.010969515635862445
580 0.0
581 0.0
582 0.0010392817496418562
583 0.0007564765220642142
584 0.008612316321351057
585 0.003286647255022481
586 0.0015227891264533717
587 0.001979092235391134
588 0.00012785884110549123
589 0.012487360741298019
590 0.0012146432053518634
591 0.004955252598867156
592 0.002845603267223698
593 0.0009817652099552772
594 0.0018638872098722349
595 0.0002918345117739601
596 9.707972726269153e-05
597 0.005012004696820914
598 0.0019430452387899585
599 0.0002944674510275968
600 0.00022949055490910505
601 5.177932863829354e-05
602 0.0
603 0.00045313444499940245
604 0.003703319912589025
605 0.0
606 6.286114186503844e-05
607 0.0005607017760337012
608 2.2484158836524964e-05
609 0.0024128267838213506
610 0.00873282966732397
611 0.0004648641434063799
612 0.03368203018994176
613 4.325150760057181e-05
614 0.0033058295980350895
615 0.0021421236410373045
616 0.003307189664957929
617 0.009601309823919777
618 5.587656180643582e-05
619 0.001144057423887942
620 0.0037712143545010623
621 3.518374864194738e-06
622 0.0060303147525625055
623 0.00029289614434045366
624 0.012865322462669717
625 0.0017034997456801934
626 0.0016079470053522802
627 0.004511535469745454
628 0.0001921303493278213
629 0.0005249614221757877
630 0.00018929114444915263
631 0.0013338334160173117
632 0.00014823882335360814
633 1.7206873905633158e-06
634 0.00014648033635703765
635 0.003780467935496824
636 0.0004887558327190977
637 0.009381310277197448
638 0.00013760262484142457
639 0.0012312187876259014
640 0.00021143469742484304
641 0.0
642 0.0002582455377532858
643 0.005220349561474938
644 0.005118045261822126
645 4.486857049878658e-07
646 5.795448692552846e-05
647 0.0003429916962834956
648 0.0
649 0.0
650 0.0007539074846233292
651 1.8657321192861304e-06
652 0.001514423280068722
653 0.0
654 0.0
655 0.0007032724412506532
656 0.0007034789817662486
657 0.0004913833918567926
658 0.00017282202702861152
659 0.015857495175884983
660 0.0001584849387213105
661 0.0
662 0.0009441193357532689
663 0.0013893173070324584
664 1.7242077959891754e-06
665 0.0007966695155372399
666 1.536365816557296e-05
667 0.0
668 5.5053260105088383e-05
669 0.0003488804794278491
670 5.5461243771907055e-05
671 0.00046198645536065777
672 0.00014003708816384688
673 0.0
674 0.0
675 0.002005090626259561
676 0.0007892569193663285
677 2.5605098016019474e-05
678 0.0005722275306278329
679 0.0015703369763086473
680 0.001180982541377803
681 0.01358912791569518
682 0.03601908671843471
683 0.004403986865191272
684 8.307899584502827e-05
685 0.00013282503553698675
686 0.00104158630087326
687 0.0013213210344704552
688 0.023480032417093382
689 0.0061238032074611886
690 0.04774969061925619
691 0.0011876536412731798
692 0.0
693 0.0
694 0.0004556725568894879
695 1.2097701694930897e-05
696 0.00033881006338185835
697 0.0
698 0.0005746330768788535
699 0.001041678780223669
700 1.8256200915495344e-05
701 0.001971544329708059
702 0.0
703 0.0002673278450840476
704 2.7486772927155636e-05
705 2.603535029831746e-06
706 0.003608614470088009
707 0.0017124120400423169
708 0.0
709 0.002254702117968008
710 0.00012430579498273148
711 0.02356109049528485
712 0.0004998105073983864
713 0.00025447084481580696
714 0.0006881086831507304
715 0.019831380195738588
716 0.004310165609871455
717 0.0006667881130350818
718 0.002904037094658103
719 0.0
720 9.253267547509723e-05
721 8.51150379247458e-05
722 0.0
723 0.0
724 5.927477130384481e-05
725 0.00020953830781995594
726 2.3641644005369587e-05
727 0.0005462206934733141
728 0.0008308172142139639
729 3.852660099906618e-05
730 0.0005110135129764274
731 0.0068802912172027655
732 0.0010336441363582771
733 2.4716817633985506e-05
734 0.0
735 0.002009345152353694
736 0.0
737 7.180823823884464e-05
738 0.0
739 0.0
740 3.1097904328359134e-06
741 3.887595145974898e-06
742 1.7002194979226176e-05
743 0.005583219987574155
744 2.748285986900539e-05
745 0.0
746 2.0828704700454587e-05
747 0.0
748 0.001337093044364875
749 0.0
750 0.000518341820580756
751 0.0008829174949269547
752 0.002610578813989275
753 6.682167469495414e-05
754 2.104623251771871e-06
755 0.0
756 0.0
757 0.005655754404394999
758 0.0
759 1.2712228945311422e-05
760 0.0015146457328232947
761 0.0002404880481201668
762 0.0011341103804141009
763 0.00023599135216317
764 2.6898815881481372e-05
765 3.961906024538208e-05
766 0.0
767 0.0006459445753680748
768 0.0006671733555440384
769 0.005661313259513972
770 0.0008446140112226741
771 0.0
772 0.0
773 0.0
774 0.0017935854087505548
775 0.0005121121582495906
776 0.00021645838536680863
777 0.00022249937382949134
778 0.0033062064126548373
779 6.661458706725825e-05
780 1.1553906043157724e-06
781 9.457757005408238e-06
782 0.0
783 0.0
784 0.005076016320752755
785 1.9692807503971494e-06
786 0.0
787 0.0
788 0.0003696032300713306
789 0.00016606735450201286
790 9.464807761994935e-05
791 0.0
792 0.0
793 0.0012972338414110553
794 0.0007311969883500754
795 0.0005796989524188627
796 0.0007656012668311471
797 0.0
798 3.171842594360329e-05
799 0.00018769468956629756
800 5.766615927635707e-05
801 0.0
802 0.0009312374552978557
803 1.772238839146501e-05
804 2.2445173513111664e-05
805 0.0005967218006823234
806 0.0
807 0.0011056872427478873
808 2.7150454176770986e-05
809 0.0
810 0.00014350105528822862
811 0.00016612818572600435
812 0.0009432432550586586
813 7.89544817403192e-06
814 0.0004116636462792495
815 0.000682814571092844
816 0.014099902495441949
817 3.1634923804633124e-06
818 1.9523328459671074e-06
819 1.0374852053204501e-05
820 7.615903361947668e-06
821 0.00021957250621843473
822 0.0006579014882654799
823 6.462206477077615e-05
824 0.0009916849067699988
825 0.000484133931388126
826 0.0
827 1.1001979410536241e-07
828 2.1727372822354107e-06
829 7.064899088145561e-05
830 0.0
831 0.0022039927166301637
832 4.676034337545799e-06
833 0.0
834 0.0001807259213386791
835 0.0
836 3.23697887956415e-05
837 8.498456610978368e-06
838 0.0003686455502031853
839 0.0011533316990372435
840 0.0
841 4.226600681479987e-05
842 0.0019115725755064462
843 0.0
844 7.3279494547958686e-06
845 0.0
846 0.0
847 0.00017618734539653327
848 1.9692807503971494e-06
849 2.50192128010307e-06
850 0.006235393466818705
851 0.0
852 0.0
853 2.5956757352596286e-05
854 5.056154088262769e-06
855 0.0004723503969512054
856 0.0037724965068170833
857 0.0020198058011351395
858 1.61117966225075e-05
859 0.0
860 0.0001599487024072726
861 0.00041316963414555303
862 7.06499394178613e-05
863 0.0
864 3.3003089389629835e-05
865 1.185993304089025e-06
866 5.2059391137480016e-06
867 1.5479915861451455e-05
868 1.3785623532547088e-05
869 0.001990277239479944
870 0.0
871 3.0690136808587326e-05
872 2.0098529478345875e-05
873 1.0577834043658278e-06
874 2.567776177956094e-06
875 0.0008150529768248461
876 0.023559955890355616
877 0.0
878 4.4169274485562585e-05
879 2.4890164726587223e-05
880 0.001591033562773752
881 8.297359546920601e-06
882 0.0
883 0.0
884 0.002900730218437198
885 0.0004309868613157503
886 0.0005970733928843429
887 0.0006997165480037021
888 0.0030317580081765257
889 0.0006546788153277305
890 0.0006253342002858932
891 0.0
892 0.00026352448858413615
893 0.00023332456622218207
894 0.004310831736896752
895 6.196963995321312e-05
896 0.0009601623628552867
897 6.931454618275429e-06
898 6.156757483511861e-06
899 5.221429392245856e-06
900 5.013988996084876e-05
901 5.891923128560303e-05
902 2.8397980978082554e-06
903 8.398883942758294e-06
904 1.1604186466226614e-05
905 0.0004509315980672863
906 7.611373672247069e-05
907 0.00029462306252352703
908 3.0966836974345965e-05
909 0.0010070692863653086
910 0.0008887712370623098
911 0.00042241865835438336
912 2.2259708265848146e-06
913 0.0
914 0.004778104452679578
915 0.000401471605920562
916 0.0005413331068514231
917 0.0007962590761246583
918 0.0
919 0.0
920 0.0005831758362865384
921 0.0007682348410738042
922 0.0
923 0.0009791785054583501
924 0.0002611124311118293
925 0.0002329877765053617
926 0.0
927 0.0
928 0.00025208616089886503
929 0.0033836671841721653
930 0.0009048981561404028
931 1.3714502975109343e-05
932 0.0016161222246029268
933 0.001489691335620775
934 7.114762645546567e-05
935 3.404576799121419e-05
936 0.0
937 0.001673126832987131
938 0.0004100588516437682
939 2.4398710532515565e-05
940 0.0012336543452159377
941 1.5387136401425992e-05
942 0.00031195659560687486
943 0.0001295266766374423
944 0.0003704721724472329
945 0.0
946 0.0009931031250669407
947 0.0011205336427368804
948 0.00014879208060722708
949 0.00011251412273203447
950 0.0011733699050444691
951 0.0
952 0.0001269687148874987
953 0.0006154745108709246
954 0.00010297192593566759
955 0.00038362936096587944
956 0.00031287533904985444
957 1.958057398746721e-06
958 0.0006390193406624731
959 1.6204006329573444e-05
960 3.424507888259058e-05
961 0.0010980913037567039
962 9.776653020369293e-05
963 1.5875245772282757e-05
964 3.3775536396798846e-05
965 0.00019119196754732173
966 0.00042964807215150984
967 0.0
968 0.00016670168769999312
969 0.002060689688889262
970 0.0005478846724906764
971 0.0003271688153810862
972 0.00021368869628491887
973 0.00023521766072987464
974 0.0004909593234374344
975 0.0
976 0.00010736115509843813
977 5.051849828133876e-05
978 0.000219583747207769
979 0.0
980 0.0
981 0.0
982 0.001281510645066584
983 7.316972234565144e-05
984 0.0
985 1.2175830775086374e-05
986 7.358031530023949e-06
987 0.0029024313650397797
988 3.320518666354993e-05
989 0.004304289491563729
990 0.0
991 3.185756023671455e-05
992 0.0
993 8.694499482710243e-06
994 2.2465504158740078e-05
995 3.5115281042547556e-05
996 1.0809806782733673e-06
997 5.654699314229848e-05
998 0.0
999 0.0
1000 0.0011876781708642546
1001 0.0
1002 7.031950213533735e-05
1003 0.00020269998438744323
1004 0.0
1005 0.0
1006 0.0
1007 4.3788472979256165e-05
1008 0.000835597560329129
1009 0.0010615951632112202
1010 0.000745583759127415
1011 0.0006384214251359424
1012 7.210765084603717e-05
1013 0.00043527326393476745
1014 0.00013068013086408133
1015 5.39274502305586e-06
1016 0.0013799029104543123
1017 7.717720793303593e-06
1018 0.00033703833327628294
1019 0.009262175641173293
1020 0.0001166022399093663
1021 0.0018884724395965764
1022 0.0
1023 9.529823719714929e-05
1024 1.118127435107538e-05
1025 0.0010650313269029831
1026 0.0027753555856761965
1027 0.0
1028 3.280368030520744e-06
1029 0.0005248823372806032
1030 0.0010441891533326452
1031 4.473446795646646e-05
1032 0.0009988528079066161
1033 4.0577223638812264e-05
1034 0.002396384863021527
1035 0.0
1036 2.6339849950804138e-05
1037 3.0215884115142673e-05
1038 0.0013833355727165206
1039 0.0
1040 4.0928976487526464e-05
1041 1.634957518038905e-05
1042 0.00022313893686066354
1043 0.0007712749798842614
1044 0.0
1045 0.0
1046 0.0002323273520676185
1047 0.00012233347893771256
1048 0.00034706824502592513
1049 0.0
1050 0.0
1051 0.00022278525280723218
1052 1.5973463326659846e-05
1053 0.0014014167205627123
1054 0.0
1055 0.000983064112593239
1056 5.843470681261323e-06
1057 0.0008268964059958713
1058 8.059383513574136e-06
1059 7.774625614027223e-06
1060 1.2400693750724241e-05
1061 0.0002640405179672336
1062 1.1128680541444972e-05
1063 0.0
1064 6.479204149798601e-06
1065 0.0
1066 0.0
1067 0.00033292427039919654
1068 3.557298228973234e-05
1069 0.0017387664605531153
1070 4.2726084370740135e-05
1071 0.007534603205468118
1072 1.8901617387530633e-05
1073 0.0006164916617420271
1074 8.564853087737167e-06
1075 2.4328853067079106e-06
1076 0.0
1077 0.0004903731637110746
1078 0.0
1079 4.936597148785152e-06
1080 1.1651002642271289e-05
1081 1.69266852812192e-06
1082 0.0
1083 0.0
1084 1.4578075275560366e-07
1085 6.490181152226046e-08
1086 6.490181152226046e-08
1087 6.490181152226046e-08
1088 0.0008399936866022464
1089 5.733762990153957e-07
1090 4.761465140874994e-06
1091 3.3564504901487724e-05
1092 0.0
1093 0.0013301723065536678
1094 4.678797356486416e-06
1095 0.00011011638834439084
1096 0.00033099547291355787
1097 0.0
1098 0.0003176431867248752
1099 0.000495099865342904
1100 8.042457754613591e-06
1101 5.8214715763610735e-06
1102 0.0004683141430848361
1103 2.6459228393630717e-06
1104 3.6010110152803833e-06
1105 0.0
1106 0.001782531423803412
1107 0.000296295353163591
1108 0.0
1109 0.0
1110 2.3844046019080757e-06
1111 0.0
1112 7.135582331414291e-06
1113 0.0
1114 1.99374813076109e-06
1115 3.6499357532445604e-06
1116 1.365641742060625e-07
1117 0.0
1118 0.00011634162691014125
1119 0.00031030624826231505
1120 0.0019926245655430756
1121 0.0
1122 0.0004940128226216753
1123 8.336638781685036e-05
1124 0.0
1125 5.048947373662945e-06
1126 2.6506818990823917e-06
1127 0.0
1128 0.0
1129 0.0
1130 0.002438316444542193
1131 0.00038300820334765816
1132 5.256560610683989e-06
1133 0.00011716581766626963
1134 0.003158029487377329
1135 0.0002955761499592823
1136 0.0
1137 3.770365722771568e-06
1138 0.0
1139 0.0
1140 0.0
1141 0.00021323441710924837
1142 1.0316886722105135e-05
1143 1.8254778392889788e-05
1144 1.9462350131573292e-05
1145 0.00011016308026578392
1146 3.145980980470083e-06
1147 0.0
1148 1.743863275945109e-05
1149 0.0
1150 0.0
1151 1.163219207310609e-06
1152 5.185298780257797e-06
1153 0.002472566136858051
1154 1.8893805555580496e-05
1155 4.617421679398587e-06
1156 4.674588961159375e-06
1157 0.0005474887773812763
1158 0.0020335801765879566
1159 0.0011621662349140356
1160 0.0
1161 0.0
1162 0.0
1163 0.0
1164 2.4026999407096862e-06
1165 0.0
1166 0.0
1167 2.1228398809184413e-06
1168 0.0002548123002093168
1169 3.349404828939822e-05
1170 3.199440719706616e-05
1171 4.805589058304295e-05
1172 1.8249193814865708e-05
1173 0.0
1174 7.193528368397114e-06
1175 0.00029211542463896957
1176 0.0005292090185722815
1177 0.0
1178 0.0020219040156341647
1179 9.68715420864561e-05
1180 0.0003037375729400048
1181 0.0
1182 0.0
1183 1.163219207310609e-06
1184 0.0004554039121481778
1185 0.00016140080222421614
1186 7.279916258999438e-05
1187 0.0018408519562615753
1188 0.00046671591832211326
1189 0.00011762870478144733
1190 2.274867719031696e-06
1191 0.0
1192 0.00019246254781432097
1193 5.049827252631273e-06
1194 0.0
1195 0.0001303177465260205
1196 2.7415583263180214e-05
1197 6.954389972057089e-06
1198 0.0
1199 0.0
1200 4.20157971873759e-05
1201 4.8401460753975907e-05
1202 0.0
1203 5.2422710528601105e-06
1204 0.0016726408220242627
1205 0.0005875955420070843
1206 0.001386666075097098
1207 0.0
1208 0.0
1209 0.0002507434375543385
1210 0.0
1211 0.0
1212 1.85237780280019e-05
1213 2.1999081474678113e-05
1214 0.0014184863685641701
1215 0.0005081479534428151
1216 7.597041380238536e-05
1217 0.0
1218 5.613038229517722e-05
1219 4.270459180861361e-07
1220 0.0
1221 8.960976606611799e-05
1222 0.0004919012072417759
1223 1.6425135409880838e-05
1224 4.656169518139347e-05
1225 0.0
1226 1.0113662939254456e-05
1227 2.828173249534275e-06
1228 0.0007471524247951378
1229 1.4086072334945026e-05
1230 0.0008203387015887506
1231 1.8315993150071575e-05
1232 2.1798660406459797e-05
1233 0.0003113194384628307
1234 1.0405814973021286e-05
1235 0.0
1236 0.0
1237 0.0
1238 0.0033786478809396765
1239 0.0008470931151239781
1240 0.00028478950691345574
1241 0.0
1242 0.0
1243 2.678431395769461e-05
1244 5.38807659319165e-07
1245 6.797640637759176e-06
1246 6.797640637759176e-06
1247 9.132711921509598e-06
1248 0.00018081416544830518
1249 7.482297147140332e-05
1250 5.9932383476963876e-05
1251 5.411065144706973e-05
1252 0.00010082168034281621
1253 8.906214891802771e-05
1254 0.0
1255 0.0
1256 0.0
1257 0.0
1258 0.0
1259 0.0
1260 2.8511889898160676e-06
1261 7.305993858714654e-06
1262 0.0
1263 3.486843495557091e-05
1264 5.188414764324888e-05
1265 4.904981764242341e-06
1266 0.0006773345961575741
1267 0.0
1268 9.780800087643713e-05
1269 0.0
1270 0.0005654753210370396
1271 7.147711369649933e-07
1272 0.0
1273 0.0
1274 1.9764941557025763e-06
1275 1.9065628240743554e-06
1276 0.000664635708857953
1277 8.92199248764139e-06
1278 0.0
1279 2.1063875930716743e-07
1280 1.5926813806855708e-05
1281 2.0351200638576946e-05
1282 0.0
1283 0.0004210937453480125
1284 0.0003003147345694098
1285 4.636283371159637e-06
1286 0.0
1287 0.0
1288 0.0
1289 0.0005355797515774928
1290 2.8861055649217338e-05
1291 2.459522626449066e-06
1292 0.0
1293 0.00020897250281576518
1294 0.0004651595175028568
1295 0.00025023718209675147
1296 0.0013827753284410941
1297 0.0
1298 3.4395705508215744e-05
1299 0.00010743883491900532
1300 0.0002058614279461636
1301 0.0
1302 0.0004982992946814046
1303 5.0081353055663966e-05
1304 2.663767122078646e-06
1305 0.0
1306 9.383516554167648e-06
1307 0.0012381335850996397
1308 0.0
1309 0.0
1310 3.8552056354656157e-07
1311 0.002606228475640554
1312 0.0
1313 3.3231376905749085e-06
1314 4.683890794543211e-05
1315 0.0025165885511076653
1316 6.661426279849102e-06
1317 0.002421930292188084
1318 0.00016203058100211785
1319 6.995307846283215e-05
1320 0.0006807534504876617
1321 0.00026880567326976475
1322 0.0002151242859177298
1323 5.828763565696038e-06
1324 0.0002285888874286008
1325 0.00010183660507274623
1326 0.0011200995019633037
1327 0.0015077512337343662
1328 0.0005293933228092088
1329 0.0
1330 0.0
1331 0.0
1332 0.0
1333 0.0
1334 0.0
1335 0.0
1336 0.0
1337 0.0
1338 0.0
1339 0.0
1340 0.0
1341 0.0
1342 0.0
1343 0.0
1344 0.0
1345 0.0
1346 0.0
1347 0.0
1348 0.0
1349 0.0
1350 0.0
1351 0.0
1352 0.0
1353 0.0
1354 5.724970875400746e-05
1355 6.153542982796092e-06
1356 0.0
1357 2.6699528156930816e-06
1358 0.00043389758193617946
1359 0.006005440633296224
1360 0.005327002764458293
1361 9.117804912547185e-05
1362 0.0006886336754840255
1363 3.826419349077985e-05
1364 0.00016821915190894178
1365 0.001480601833918304
1366 0.0011965943305035447
1367 0.0
1368 0.0005015506038653958
1369 0.001063085168305188
1370 0.0
1371 0.0
1372 0.0
1373 1.3986266325644196e-07
1374 0.0
1375 0.0
1376 0.0
1377 0.0
1378 0.0
1379 0.0
1380 0.0
1381 0.0
1382 0.0
1383 0.0
1384 0.0
1385 3.4359829273547787e-06
1386 0.000491885930707252
1387 0.0021048387974284236
1388 0.00018833285992784154
1389 1.4284414459053493e-06
1390 1.03626493984237e-06
1391 0.0
1392 0.0
1393 0.0
1394 4.3993236905583086e-05
1395 0.00010546538201421984
1396 0.0
1397 4.2937029920690915e-06
1398 0.000489666037212309
1399 3.849615418505503e-05
1400 0.00030381382425379
1401 0.0
1402 0.0007725852685648569
1403 6.512522089223493e-05
1404 0.0
1405 1.5094940366374087e-05
1406 0.00015486837841296056
1407 0.0
1408 0.0012728810666043711
1409 9.510479824501645e-06
1410 0.0
1411 3.417307709910195e-07
1412 0.0022462295828213183
1413 0.0
1414 0.0
1415 2.1713488310616528e-05
1416 0.0
1417 0.0011017123779296708
1418 1.0708618683445314e-05
1419 0.0012621345497092532
1420 3.2592848833851046e-06
1421 0.0
1422 0.0023746950455077903
1423 0.0014304444020943113
1424 0.0007058300675845956
1425 0.0
1426 0.0
1427 0.0003798330134844228
1428 0.00022242451046071654
1429 0.0
1430 0.0012521475440519867
1431 9.493891679900696e-07
1432 3.548285955479998e-06
1433 0.0
1434 1.8449509541320377e-05
1435 0.0
1436 0.0004896591840608033
1437 1.6089740636868666e-05
1438 4.744697195884186e-05
1439 7.659980047572346e-05
1440 0.0
1441 0.0
1442 0.019263666848824447
1443 4.3366343903080876e-05
1444 0.0004992619926891528
1445 8.65965155106445e-06
1446 0.00586897473969762
1447 0.0004999050246079037
1448 8.552090475577035e-05
1449 1.9984116250069497e-07
1450 0.0
1451 0.0005100732201352288
1452 1.1729036780353456e-05
1453 2.255755524387536e-05
1454 2.7126737191163433e-06
1455 5.611630706099104e-06
1456 6.980138903616973e-05
1457 0.0
1458 7.059037593816028e-05
1459 0.00019932915848204784
1460 0.0011128935990484703
1461 6.3220412788872245e-06
1462 6.3872967495957435e-06
1463 0.0
1464 0.0001249579147803225
1465 2.8849211702558574e-05
1466 0.0
1467 0.0
1468 0.0011223825260257881
1469 3.9029828635670465e-05
1470 0.0001884480555581631
1471 0.0005584784451535831
1472 0.0
1473 0.0005006108041437402
1474 0.0
1475 1.1304002717545712e-05
1476 2.045592666305606e-05
1477 4.214828665941728e-05
1478 6.182833959166171e-06
1479 2.9637926264289723e-06
1480 2.9297648273933328e-06
1481 0.008041903393559376
1482 5.109031858056084e-06
1483 0.0
1484 0.00026468567895824354
1485 0.00857816690408216
1486 0.0003042503846148814
1487 0.0008058702739976204
1488 0.0
1489 3.2981416102977725e-05
1490 0.0
1491 0.004849788970034228
1492 5.200375385690807e-06
1493 1.2488552992587937e-05
1494 7.508026561007897e-05
1495 0.0024496148919342636
1496 0.0
1497 0.0
1498 1.468022639884096e-05
1499 1.005291765090495e-05
1500 0.00016426213377886346
1501 0.0
1502 1.798370048750746e-06
1503 0.0
1504 8.215700615704684e-05
1505 0.0011576228662195022
1506 0.0
1507 0.00011050401176930773
1508 3.355524244566641e-05
1509 3.223793390658067e-05
1510 0.0006411730327630725
1511 9.864552208152417e-06
1512 0.0008205520122037366
1513 8.488207442109032e-06
1514 2.75020471031895e-05
1515 0.0
1516 9.263119223883625e-06
1517 0.001901650305682468
1518 0.0
1519 1.666078103748197e-05
1520 1.643807754412915e-05
1521 1.837827250177837e-05
1522 9.380584176811153e-05
1523 3.8839169154247684e-07
1524 9.88737210732976e-06
1525 0.0005192086230211201
1526 5.699400426479721e-06
1527 5.768416100980386e-05
1528 0.0007802077736266503
1529 6.131456243793649e-05
1530 1.0478023217238964e-06
1531 0.0013584324822756696
1532 0.0
1533 0.0
1534 0.0006019352572477275
1535 1.773559840529225e-06
1536 0.0001335352250940397
1537 1.3464466259740148e-05
1538 2.975715065807284e-06
1539 1.058565141044247e-06
1540 0.0
1541 0.0
1542 0.0003059485681531675
1543 3.731735859041697e-06
1544 0.0007607150874993082
1545 0.00011033831456008118
1546 0.0005606449595554428
1547 0.0003627068344653732
1548 0.0003408903265967481
1549 0.0
1550 1.5493365695384401e-06
1551 2.3345161232756423e-06
1552 0.0
1553 0.0
1554 6.349805308452184e-07
1555 0.0
1556 0.0
1557 0.0
1558 0.0003191713226820824
1559 0.0021168903558258854
1560 0.0001224651392216702
1561 7.036282167637132e-06
1562 2.2586704997586893e-05
1563 0.0
1564 0.00042521658722677346
1565 0.00027041137418419087
1566 3.393678312833933e-05
1567 5.916297694325257e-07
1568 0.0006381886454558708
1569 2.279704587791057e-06
1570 0.0008322330142707427
1571 0.0
1572 0.0
1573 0.0011457280797494043
1574 0.0006665172009199909
1575 0.001098339779354057
1576 3.5153965856792358e-06
1577 0.000499502478719604
1578 2.0921163392330776e-06
1579 0.00030865874855928434
1580 0.0
1581 1.7673017492253873e-05
1582 0.0
1583 1.2463167118393926e-05
1584 0.0
1585 0.0
1586 0.0
1587 0.0006447896325533825
1588 0.0
1589 0.0
1590 3.5398697881095327e-06
1591 2.8962689595664248e-05
1592 0.0002798808033510898
1593 0.0
1594 0.0002889828770248494
1595 0.0
1596 0.0
1597 0.0
1598 0.0
1599 1.3916392842309449e-05
1600 0.0
1601 0.0
1602 0.0
1603 0.0
1604 0.0
1605 3.35000618457252e-05
1606 0.0005726624579469531
1607 1.0607306279514404e-05
1608 0.0
1609 0.0
1610 0.0
1611 0.0012300456696585087
1612 0.0
1613 0.0
1614 0.00012170211621850407
1615 6.805207493498949e-06
1616 6.445805118371742e-05
1617 0.0005052743169413838
1618 0.0
1619 1.0607306279514404e-05
1620 8.596265049734474e-07
1621 4.7399155428970785e-05
1622 0.0001544058603863368
1623 0.0
1624 4.467973254627691e-06
1625 0.0
1626 0.0
1627 0.0
1628 0.0
1629 0.0
1630 0.0005163561070857662
1631 0.0
1632 0.0
1633 0.0
1634 0.0
1635 0.0
1636 0.0
1637 0.0
1638 6.338049942462465e-07
1639 0.0
1640 0.0
1641 1.9288312997619968e-05
1642 0.0
1643 1.0607306279514404e-05
1644 0.0002639959786240103
1645 0.0
1646 3.239761137965297e-05
1647 0.00022776634711311572
1648 0.0
1649 0.0
1650 0.0
1651 0.0
1652 0.0005048248071091695
1653 0.00022783627844474394
1654 1.6374806892818457e-05
1655 0.0
1656 0.0
1657 7.119998758036636e-07
1658 4.0220517913105605e-06
1659 5.313452286213185e-05
1660 8.703227254908386e-06
1661 0.0
1662 0.0
1663 0.0
1664 1.3925021194671331e-05
1665 0.0
1666 0.0
1667 0.0
1668 0.00036787802609009604
1669 4.396384855537516e-05
1670 1.8367925209404592e-05
1671 5.332476687839337e-06
1672 0.00026365248821842783
1673 0.0001661817228427418
1674 0.00014794669537300937
1675 0.0
1676 1.9691743326830482e-05
1677 1.7995789816323447e-05
1678 0.0
1679 0.008793958790453332
1680 0.0
1681 2.3657518537676865e-05
1682 3.262224762258208e-06
1683 0.0007131202678590875
1684 0.0004896591840608033
1685 0.00026871225288549396
1686 6.548251805500683e-07
1687 0.0
1688 0.00012576538007095915
1689 1.4272621092292911e-06
1690 0.00018740050794068723
1691 0.0
1692 2.3791518447090795e-06
1693 0.0
1694 0.0
1695 0.0
1696 0.0
1697 0.0005046418809759379
1698 4.850167928884859e-06
1699 0.002777567569395434
1700 0.0009225360182185042
1701 0.0017982636900697763
1702 4.965861463767734e-05
1703 0.0002510312916706996
1704 6.094781444055629e-05
1705 0.0003725935349185801
1706 0.0
1707 0.00023811797832775346
1708 0.000288999835342643
1709 0.0
1710 1.4487847128524452e-05
1711 0.0
1712 0.00013248836501727514
1713 5.198622356578471e-05
1714 0.0
1715 0.0
1716 0.0
1717 0.0
1718 7.197586651295766e-05
1719 2.516378726874884e-05
1720 0.0002243223145101297
1721 0.0007352823770470611
1722 0.0004915269301767352
1723 0.00023012555440177102
1724 1.3543486479410268e-06
1725 0.0
1726 0.00047856196497320005
1727 2.4135280456480474e-06
1728 0.0006844974236193222
1729 0.0
1730 0.0004896591840608033
1731 0.0
1732 0.0004571393596469815
1733 0.00213954593076702
1734 0.0
1735 0.0
1736 1.8690950430673217e-07
1737 0.0
1738 0.00011270381837147114
1739 0.0
1740 0.0001720473795010459
1741 4.576728454320288e-05
1742 0.0003520849134125758
1743 0.0017008104293363617
1744 4.854516356850744e-06
1745 0.0002039303923536078
1746 4.199222787875096e-05
1747 1.9158121448555546e-05
1748 0.00028727442420808306
1749 0.0
1750 0.0
1751 0.0
1752 0.0
1753 0.0
1754 0.0
1755 0.0
1756 0.0
1757 0.0
1758 0.0
1759 0.0
1760 0.0
1761 0.0
1762 0.0
1763 0.0
1764 0.0
1765 0.000501211523077301
1766 0.0
1767 8.342620927357949e-06
1768 0.0
1769 0.0
1770 0.0
1771 0.0
1772 0.0
1773 0.0
1774 0.0
1775 0.0
1776 0.0
1777 0.0
1778 0.0
1779 0.0
1780 0.0
1781 0.0
1782 0.0
1783 3.3518584275091094e-07
1784 0.0
1785 0.0
1786 0.0
1787 1.4222291962535629e-05
1788 0.0
1789 0.0
1790 0.0
1791 0.0
1792 1.0194342669991666e-06
1793 0.0
1794 5.299068226348771e-07
1795 0.0
1796 0.0
1797 0.0
1798 0.0
1799 3.56863093808991e-05
1800 3.386937921467977e-05
1801 0.0
1802 0.0
1803 6.409975833722969e-05
1804 0.0
1805 0.004763950248801598
1806 0.002701691117631027
1807 0.00035465530115530246
1808 0.0012510640716875932
1809 0.0
1810 0.0
1811 3.623565968388255e-06
1812 0.0010695682758863146
1813 0.00028170174288671046
1814 5.320034097283595e-05
1815 0.0
1816 2.0480562557683312e-05
1817 0.000504551669018657
1818 0.0009218925320548674
1819 0.0
1820 0.0
1821 0.00016161583910665562
1822 0.0
1823 0.0
1824 1.1920877602553226e-05
1825 0.0
1826 4.656155892699583e-06
1827 0.0
1828 0.0
1829 0.0
1830 1.769942882103472e-05
1831 0.0005529539112269891
1832 0.0
1833 0.0
1834 0.0006253093055659284
1835 0.00017210408554061462
1836 4.080537435957615e-06
1837 0.0023187560100379335
1838 2.549054698392667e-06
1839 0.00014287428627865806
1840 4.126413052604576e-06
1841 1.3752556299322615e-05
1842 0.00023643530168779552
1843 1.3412707437401264e-06
1844 0.0014271173436104176
1845 0.0
1846 6.1195434569377744e-06
1847 0.00025253590208170357
1848 0.0012618219765726752
1849 4.734502039227483e-05
1850 0.0
1851 0.0
1852 0.0
1853 0.0
1854 0.0026366343540515456
1855 8.119808936221842e-06
1856 0.0006633466378950004
1857 5.949437733153507e-05
1858 0.00013780009699836758
1859 1.4406086058661962e-06
1860 8.502811570810026e-06
1861 0.0004950713477542921
1862 6.213850730566458e-07
1863 0.0
1864 4.00955283305136e-06
1865 0.0
1866 1.8405052752747228e-06
1867 0.000721221107794704
1868 0.0012955715122912378
1869 0.0006124960342997845
1870 0.0
1871 5.3597155913566687e-05
1872 7.260033923378564e-06
1873 3.1641308623422397e-06
1874 2.7178546083236106e-06
1875 0.0
1876 0.00020424930815458173
1877 9.215512398029864e-05
1878 0.0004896591840608033
1879 7.856359493627027e-05
1880 0.0
1881 0.0
1882 0.0
1883 0.0006482594704953608
1884 5.572997250984301e-05
1885 1.9952116895600216e-05
1886 7.889208104394686e-06
1887 4.737074544881824e-05
1888 0.0
1889 0.0
1890 0.0008623275463222855
1891 0.00035499245810773886
1892 0.0
1893 2.1806816011379047e-05
1894 0.0
1895 0.0008932774133088438
1896 0.0
1897 0.0
1898 0.00010834652201266134
1899 0.0
1900 0.0
1901 4.165640905587431e-06
1902 0.0
1903 6.9926112388567045e-06
1904 0.0004990391469765983
1905 0.0
1906 0.0
1907 0.0004557424882211161
1908 0.0
1909 0.00023997895780548557
1910 0.0
1911 0.0012094211342244922
1912 6.121023621805907e-06
1913 4.790597497841393e-06
1914 9.14564662083739e-06
1915 1.500947806119667e-06
1916 1.599819940520975e-07
1917 0.0
1918 0.0
1919 0.0017581997745967884
1920 0.0
1921 6.519306778404518e-05
1922 0.0
1923 4.3015992231054564e-07
1924 0.000988028792101119
1925 0.0
1926 0.0005598665140110537
1927 0.0006937598602095292
1928 0.0
1929 0.001396872158489707
1930 0.00010373747561983227
1931 0.0002883765515915442
1932 0.0005788772307620182
1933 0.0
1934 0.0
1935 0.00026594430744157936
1936 0.00022951015668916608
1937 0.00015701412976364606
1938 0.0
1939 0.009132926104907424
1940 0.0006576453329700307
1941 0.0006856417136252797
1942 2.5974418302110508e-06
1943 0.0
1944 0.0002952179719651536
1945 5.295076615971573e-05
1946 1.3230455733156226e-06
1947 1.7418652998551893e-06
1948 4.239571409692998e-06
1949 5.487108761440227e-05
1950 0.0004924886989477265
1951 2.3561318440633264e-06
1952 0.0
1953 0.00010682470894907756
1954 0.0
1955 5.191598789589781e-05
1956 0.0
1957 0.0
1958 0.0007220334055615174
1959 0.00010439145309714612
1960 3.372439438058344e-06
1961 0.0015065349712529658
1962 1.6074327338712597e-06
1963 0.0
1964 0.0
1965 0.0005147550153857501
1966 0.0
1967 0.0
1968 0.0
1969 0.0
1970 0.00014829273347643514
1971 0.0
1972 0.008890301953821829
1973 0.0005153790465213061
1974 0.00023099840755393876
1975 0.0
1976 1.2644017035430959e-05
1977 3.071156074566871e-05
1978 2.5909033152217288e-05
1979 2.3462770562012953e-05
1980 0.0018645160089456078
1981 1.3037251984012021e-05
1982 3.3921500371999775e-06
1983 6.070316324229757e-05
1984 1.6983151592787657e-06
1985 0.0
1986 0.0005025126742688705
1987 9.004558067341464e-06
1988 0.0
1989 0.00024087427640370626
1990 0.0
1991 4.420914725070133e-05
1992 0.0
1993 7.208082287574332e-05
1994 0.0
1995 0.0
1996 0.0
1997 0.0004454769262240861
1998 0.0
1999 0.0025664652323084914
2000 0.0005142908520393393
2001 0.0
2002 2.3136337408011022e-07
2003 0.0
2004 0.0010617800348215402
2005 3.37243457761022e-06
2006 0.0
2007 0.00011789045549575538
2008 8.371905249198681e-05
2009 0.0
2010 0.0004896591840608033
2011 2.5313574315200184e-06
2012 0.0001544055856425126
2013 0.0
2014 0.0
2015 0.0
2016 2.2549903581773488e-06
2017 0.0
2018 0.0
2019 3.276806991063895e-07
2020 0.0
2021 6.447261550198682e-06
2022 3.8019834619770303e-06
2023 7.497468287762442e-06
2024 0.0007349299199421644
2025 2.2770659314323755e-05
2026 0.00036770270945797145
2027 0.00022783627844474394
2028 4.525788485427718e-06
2029 5.796365203533603e-06
2030 0.0
2031 0.0
2032 3.2522909831250443e-06
2033 0.0
2034 0.0
2035 0.0
2036 0.0
2037 0.0
2038 0.0
2039 0.0
2040 0.0008081397664809498
2041 0.000492958881514975
2042 0.0
2043 0.0
2044 0.0
2045 0.0015394906395166553
2046 0.0
2047 0.0
2048 6.72661055954125e-05
2049 3.8330374982897774e-06
2050 0.000510000940268074
2051 4.523381754099976e-06
2052 0.00022615442531830437
2053 0.0005203386002725438
2054 6.618794289372346e-05
2055 0.0
2056 4.531630598000958e-05
2057 0.00017959086055470883
2058 8.486486395581553e-05
2059 7.904369923160958e-05
2060 0.0
2061 6.539793230852553e-05
2062 2.599593006485799e-05
2063 7.944626258518532e-05
2064 0.0
2065 0.0014007846813712335
2066 0.0007504305324331197
2067 0.0
2068 6.8150706279477295e-06
2069 0.0
2070 6.446031334040148e-07
2071 0.00012749574957215878
2072 2.070105622215154e-05
2073 5.126041879851369e-05
2074 0.0
2075 0.0
2076 0.0
2077 0.0
2078 1.0640258008234431e-05
2079 0.0
2080 0.0
2081 0.0
2082 0.0
2083 0.0
2084 0.0008492892777135334
2085 0.001333079154653476
2086 3.574270079709557e-06
2087 0.0
2088 0.0001307242968444837
2089 1.9588860535317123e-06
2090 0.0
2091 0.0
2092 0.0006213282581263985
2093 2.4738805927397038e-06
2094 0.0004923324597015923
2095 1.2823245713462649e-07
2096 0.0
2097 2.831171275437947e-05
2098 0.0006449752826048085
2099 1.268605079917681e-05
2100 0.0
2101 1.5536086359994166e-05
2102 3.0266716576983327e-06
2103 6.716166484692026e-05
2104 0.00029335675608900297
2105 5.886938521327871e-07
2106 0.0005009066323503405
2107 0.0005622547114393251
2108 1.1580052662892681e-06
2109 0.0
2110 6.562048208009019e-06
2111 0.0
2112 0.0006693230022884339
2113 0.0024350750513045263
2114 0.0
2115 1.64795735267646e-05
2116 1.4246701388837232e-06
2117 0.0
2118 2.9999990906794032e-05
2119 4.828663831937749e-07
2120 3.4889475536966047e-06
2121 6.123170591905355e-07
2122 0.00012446459006162995
2123 1.1296989981921665e-06
2124 4.07481513025443e-05
2125 4.5799741166874255e-07
2126 8.799469124356972e-05
2127 0.000321097291164854
2128 0.0008849500828959617
2129 9.271840918397463e-06
2130 1.4998282864471848e-06
2131 0.0
2132 1.2487524142836137e-06
2133 4.4194839628143587e-05
2134 0.000656603345301249
2135 0.0
2136 0.0
2137 2.1277599435698747e-06
2138 4.76778478240295e-05
2139 0.0
2140 0.0
2141 0.0
2142 0.0
2143 0.0
2144 4.97253845458762e-07
2145 0.0
2146 5.129328297847272e-07
2147 1.261976623692515e-05
2148 0.0008642011601150324
2149 0.0003118252990850283
2150 0.00020583829589289392
2151 0.0009885535163032663
2152 2.4754052854985653e-06
2153 0.0011018664831774015
2154 3.28800541035942e-05
2155 5.485606655521335e-07
2156 0.0
2157 1.0742987144342244e-05
2158 0.0
2159 0.0
2160 0.0004896591840608032
2161 1.9674386028694635e-05
2162 0.0
2163 0.0
2164 0.0
2165 0.0
2166 0.0
2167 5.639381835032956e-06
2168 0.0001737341592628089
2169 0.0005032081945949707
2170 0.0
2171 0.0
2172 0.0
2173 0.0
2174 4.654353004126544e-05
2175 0.0
2176 0.0
2177 0.0
2178 0.0
2179 0.0
2180 0.0
2181 0.0
2182 1.0217566895038538e-06
2183 0.0
2184 5.1724264096053365e-06
2185 0.000856488457150815
2186 0.0007410317919386596
2187 0.0003996003678087081
2188 0.0
2189 0.0006234720778379744
2190 2.7647921121666082e-05
2191 1.2391756967188515e-06
2192 0.0
2193 0.00012993220373235458
2194 0.0
2195 0.0
2196 2.8971386845616817e-05
2197 0.0021051748062186505
2198 0.0
2199 0.0
2200 6.719459898037983e-07
2201 2.111956710483107e-06
2202 1.2879575239060434e-05
2203 8.528557787117244e-06
2204 4.964246956711289e-06
2205 1.6229062933090552e-05
2206 0.0
2207 0.0008538504936480751
2208 1.3835469347644863e-05
2209 0.0
2210 0.0
2211 3.204920927466307e-05
2212 2.279475996488344e-06
2213 3.356481302703009e-07
2214 0.0
2215 1.0889937438270126e-05
2216 0.0
2217 7.073182764044878e-08
2218 6.887004818956977e-07
2219 0.0013406531215818835
2220 5.0532629937070975e-05
2221 0.00022776634711311572
2222 3.826408974153004e-06
2223 1.9687972321093314e-06
2224 0.00014972297503483672
2225 0.00023265273685579935
2226 1.9193603444435796e-05
2227 7.595755615693504e-06
2228 3.292787905965563e-06
2229 4.655285487830695e-06
2230 2.002626446702237e-06
2231 0.0003474996094275166
2232 0.0
2233 2.4740324555361655e-05
2234 0.0
2235 0.0
2236 4.353034051855757e-07
2237 0.0
2238 0.0004133672846689931
2239 0.00029925959585632485
2240 0.0003672297789576157
2241 0.0
2242 0.00010136680632475283
2243 0.0026186861720223003
2244 0.0
2245 1.4589977112508311e-05
2246 0.0025410075526007847
2247 0.0
2248 0.00019664165338289597
2249 0.0005869493755593839
2250 3.704752630786652e-05
2251 0.0
2252 3.117271191263177e-06
2253 0.0004957499131601276
2254 2.4346754738425152e-05
2255 7.137720283562931e-06
2256 6.797751110897696e-06
2257 0.0
2258 0.0
2259 0.0
2260 0.00036721669049141124
2261 0.0002131691498374229
2262 0.0002835670295379928
2263 0.0
2264 5.585737449986897e-06
2265 0.0
2266 0.0
2267 6.599627540725331e-06
2268 5.0480802801096895e-06
2269 1.9876067060675786e-05
2270 3.1626232559974637e-06
2271 0.0
2272 0.0
2273 0.0
2274 0.0
2275 0.0
2276 0.0
2277 0.0
2278 0.0
2279 0.0
2280 0.0
2281 0.0
2282 0.0
2283 0.0018631717898033556
2284 0.0
2285 0.001534696679199015
2286 0.0
2287 3.3008684585524583e-06
2288 0.0
2289 5.19532995647916e-06
2290 0.0
2291 0.00046228165660666145
2292 6.568471354193455e-05
2293 1.4613207590179234e-05
2294 1.136618990325917e-05
2295 3.6900332517637872e-06
2296 4.058836671518001e-05
2297 0.0
2298 0.0
2299 2.1258095289080514e-06
2300 0.0002538320823600525
2301 4.7655010045043766e-05
2302 3.635600564267472e-05
2303 8.60363532155351e-05
2304 0.0004968706022681651
2305 0.0
2306 0.0
2307 0.0
2308 3.7241422227060476e-05
2309 2.1755151559704414e-05
2310 0.0008512231584094302
2311 4.550077619190115e-05
2312 0.0010874936478379633
2313 7.336908229675624e-06
2314 5.052856189683372e-06
2315 3.956533164688507e-05
2316 9.186938632897894e-05
2317 3.8779004475366e-06
2318 0.0
2319 9.190326536617182e-06
2320 0.0
2321 0.00010730225323015536
2322 0.0
2323 0.0
2324 0.0
2325 6.98936369431394e-06
2326 0.0
2327 0.0
2328 0.00021342311548404718
2329 0.0
2330 0.0
2331 0.0
2332 0.0
2333 0.0
2334 0.0007263365193491138
2335 4.69274112285176e-06
2336 0.0
2337 2.0189426141140907e-06
2338 0.0
2339 0.0
2340 0.0005383167290918589
2341 0.0
2342 0.0021871078498395882
2343 0.0
2344 0.0015754452338748377
2345 0.0005219668570865068
2346 0.0019302508642610001
2347 4.400040610254511e-05
2348 0.0002306897345370308
2349 0.0001060787290881926
2350 0.0
2351 3.997803942660854e-06
2352 0.0
2353 0.0
2354 0.0
2355 0.0
2356 0.0
2357 0.0003184002506025823
2358 0.0
2359 0.0
2360 0.0
2361 0.0
2362 0.0
2363 3.617406972016262e-05
2364 0.0
2365 0.0
2366 4.681612604566707e-06
2367 0.0
2368 0.0
2369 0.0003677466550964161
2370 0.0031418358113656465
2371 0.0
2372 0.0
2373 0.0
2374 0.0
2375 0.0
2376 0.0010146735535325033
2377 0.0
2378 0.0
2379 8.164181272542094e-05
2380 0.00020641377735011016
2381 0.00022783627844474394
2382 0.0
2383 1.0191721015928809e-05
2384 0.0
2385 4.8215780709524316e-05
2386 6.807082833421119e-06
2387 3.064457334679564e-06
2388 0.0
2389 0.0
2390 0.0
2391 0.0
2392 0.0
2393 1.4828402425862574e-05
2394 0.0
2395 0.0004968422798845873
2396 0.0
2397 0.0
2398 0.0
2399 0.0
2400 1.240492113064625e-06
2401 0.0
2402 4.0163529347548937e-07
2403 0.000511044893659666
2404 0.0
2405 0.0
2406 0.0
2407 0.0
2408 0.0
2409 2.8078389121878763e-05
2410 0.0002282921051315613
2411 0.0
2412 0.0
2413 0.0
2414 0.0
2415 0.0
2416 0.0
2417 0.0
2418 0.0
2419 0.0
2420 0.0
2421 0.0
2422 0.0
2423 6.893671725789259e-06
2424 2.106824379560816e-06
2425 0.0006066067127246194
2426 0.00022783627844474394
2427 6.395715378282299e-06
2428 1.5730490062406536e-06
2429 0.0
2430 1.276401689582148e-05
2431 0.0
2432 0.0
2433 2.876564617703311e-07
2434 0.0
2435 8.457919260188097e-07
2436 6.7812725771675725e-06
2437 0.0
2438 0.0005028208933260162
2439 1.2708718537781305e-07
2440 0.0
2441 0.0
2442 0.0
2443 0.0
2444 1.639556064444474e-05
2445 3.799294492078699e-05
2446 0.0006769598063883281
2447 0.0008010939916619306
2448 6.241678018736309e-06
2449 0.00024753553731542296
2450 0.0
2451 6.132242687953062e-05
2452 0.0
2453 0.0
2454 0.0
2455 0.0
2456 0.0
2457 0.0
2458 0.0
2459 0.00059070353932599
2460 0.00036972646893721514
2461 0.0
2462 0.0005237995174047195
2463 0.0
2464 0.0
2465 0.0
2466 5.775781097232547e-06
2467 0.0002638850308640411
2468 0.0
2469 0.0
2470 0.0
2471 0.0
2472 0.0004965166852771711
2473 0.00019331735892590607
2474 0.0
2475 2.8646342413597523e-06
2476 5.9453514276528015e-06
2477 0.0
2478 1.1602078000981295e-06
2479 0.0
2480 0.0
2481 0.0
2482 0.0
2483 1.0385865849442755e-05
2484 1.8466577992103343e-06
2485 6.6298432114949355e-06
2486 0.0
2487 0.0
2488 0.0
2489 9.156999004769976e-06
2490 0.0
2491 0.0
2492 8.76618124190539e-06
2493 0.0
2494 0.0
2495 0.00283094011410581
2496 0.0
2497 0.000499247733551638
2498 0.0
2499 0.0004218635766236882
2500 0.0
2501 4.43532804795486e-06
2502 0.0
2503 0.0
2504 0.0
2505 0.0
2506 2.035946866089749e-05
2507 0.0
2508 0.00026199773394512996
2509 6.675192024133763e-07
2510 9.120126523860613e-06
2511 3.6848233155719563e-06
2512 0.0
2513 0.0011927833968416847
2514 8.82342357482023e-05
2515 0.0
2516 0.0
2517 0.0
2518 4.715069271554558e-06
2519 3.6337772558596004e-06
2520 0.0027439283994139863
2521 0.0019957151519590464
2522 9.408040707964153e-05
2523 3.950118647965328e-06
2524 0.00012450074198391462
2525 0.00011719414192428175
2526 2.4823879478994907e-06
2527 0.0012821692555775586
2528 0.0003085849687811484
2529 6.866725204011507e-05
2530 3.565893240446246e-05
2531 0.0
2532 7.549242103698642e-06
2533 9.993128187700353e-05
2534 0.00011071706413744381
2535 5.309297061209959e-06
2536 1.0742595275487853e-05
2537 0.0
2538 1.1173479307505064e-05
2539 0.0
2540 0.0004567280550189064
2541 0.0
2542 9.969804088005793e-06
2543 0.0004896591840608033
2544 0.0
2545 0.0
2546 0.0
2547 0.0
2548 0.0
2549 9.985589682504455e-05
2550 0.0004994410066775187
2551 0.0
2552 0.0
2553 4.7854860916725475e-05
2554 7.0457853363366224e-06
2555 1.528445693686767e-05
2556 0.0
2557 0.00017198917237272888
2558 0.0
2559 0.0
2560 0.00024735077170671564
2561 4.9123534679642735e-05
2562 1.2848515838234332e-05
2563 8.15787030456756e-06
2564 6.3223860089404055e-06
2565 0.0
2566 0.0004980831152954766
2567 2.6417438191671107e-05
2568 0.0
2569 1.248339442829463e-06
2570 0.0012348732629025485
2571 5.790184676694265e-07
2572 4.2548044590854966e-07
2573 0.0
2574 0.0
2575 0.0
2576 0.0
2577 0.0
2578 2.294194186780637e-05
2579 0.0
2580 1.9920676481731806e-05
2581 9.665396780029142e-05
2582 1.6045031190173304e-05
2583 7.264492053491328e-06
2584 9.130479254438498e-07
2585 8.567943362706304e-06
2586 0.0
2587 0.0
2588 0.0
2589 1.014781523404426e-05
2590 0.0
2591 0.0
2592 0.0
2593 0.0
2594 0.0
2595 0.0
2596 1.3161960580674018e-07
2597 1.3626447808625369e-05
2598 1.8168638059816154e-05
2599 0.0
2600 0.0
2601 3.501304354739737e-05
2602 0.0
2603 0.0
2604 0.0
2605 0.0
2606 0.00030459479327680854
2607 1.9846999584404075e-06
2608 0.0
2609 0.0
2610 1.0140504253171807e-05
2611 2.887830929666889e-05
2612 0.0
2613 0.0
2614 0.0
2615 0.0
2616 7.020346235303298e-06
2617 7.447765188844912e-07
2618 2.5620642824777395e-06
2619 0.0
2620 9.870736621039236e-06
2621 0.0011200122795451725
2622 9.415897534301301e-05
2623 0.0006404884261188607
2624 2.2923954149974438e-05
2625 4.311535705746517e-06
2626 2.63220786083854e-05
2627 7.8411306033089e-06
2628 0.0
2629 4.520104525594679e-06
2630 0.0
2631 9.965283763742915e-06
2632 0.0
2633 0.0
2634 0.0
2635 0.0
2636 0.0
2637 0.0
2638 0.00022776634711311572
2639 7.969027472230927e-06
2640 0.0
2641 1.6865117864907686e-05
2642 0.0
2643 0.0
2644 0.0
2645 0.0
2646 0.0
2647 0.0
2648 0.0
2649 0.0001273505256085267
2650 0.0
2651 0.0
2652 0.0
2653 3.29456380853039e-06
2654 0.0
2655 0.0
2656 0.002006307240889901
2657 0.0
2658 0.0004960316814737203
2659 4.885027715271859e-06
2660 4.95161404262897e-06
2661 0.0
2662 0.0
2663 4.714116193912541e-07
2664 1.5368374005799285e-06
2665 0.0008759993920724601
2666 0.0
2667 0.0
2668 0.0
2669 0.0
2670 0.0
2671 6.253493804616526e-05
2672 0.0
2673 0.0
2674 1.1425148936532684e-06
2675 2.8550903427139834e-06
2676 0.0
2677 0.0
2678 0.0
2679 3.5957935062719665e-06
2680 0.00023591614296079134
2681 1.9909041506101685e-05
2682 0.0006965500118830151
2683 0.0
2684 0.0
2685 1.8407308230476332e-07
2686 0.0
2687 0.0
2688 0.00023237984875842035
2689 0.0
2690 0.0
2691 0.0010312222720261848
2692 1.3019421332097383e-05
2693 4.1615334942823504e-06
2694 7.099394059079759e-06
2695 3.4711366883701417e-06
2696 0.0
2697 7.55496491028573e-06
2698 0.0
2699 0.0
2700 0.0001874110401881121
2701 4.631115982089999e-06
2702 3.7036288461924546e-06
2703 3.273886189044008e-05
2704 9.815655997986135e-05
2705 1.8292567729869173e-05
2706 1.6787547428124707e-06
2707 0.00026890748435919113
2708 8.497508810141469e-06
2709 3.527699936327841e-05
2710 5.948126563787199e-06
2711 6.478383860429026e-07
2712 8.356652097841907e-06
2713 3.4288520454997403e-07
2714 0.0
2715 0.0
2716 4.462200973961024e-05
2717 3.737545286219094e-05
2718 1.685435470115638e-06
2719 0.0002619627682793158
2720 0.0
2721 0.0
2722 0.0
2723 0.0
2724 0.0
2725 0.0
2726 0.0
2727 0.0
2728 0.0
2729 0.0
2730 0.0
2731 0.0
2732 9.103398818134187e-05
2733 0.0
2734 0.0
2735 0.0006967376424388078
2736 0.0
2737 0.0
2738 4.484588325698851e-05
2739 0.0
2740 0.0
2741 2.2702373476847155e-06
2742 0.0
2743 1.2906560255523172e-06
2744 0.0
2745 0.0
2746 5.0171962508343645e-06
2747 0.0
2748 0.0
2749 0.0
2750 0.0
2751 0.0
2752 0.001354536001527864
2753 0.0006124885228139465
2754 7.134957040840217e-07
2755 0.0
2756 0.00013279848233642473
2757 1.148658135008569e-05
2758 0.0
2759 1.0982341053163603e-06
2760 1.830233418806594e-06
2761 0.0
2762 0.0
2763 0.0
2764 8.89666610641629e-06
2765 0.0004909338782795153
2766 0.0
2767 1.4336143583446324e-05
2768 0.0
2769 0.0
2770 0.0
2771 2.0979399488466293e-07
2772 8.491792631762904e-06
2773 0.0
2774 2.3065237374849686e-06
2775 0.0
2776 0.0
2777 0.0
2778 7.129425076844454e-07
2779 0.0
2780 0.0
2781 5.162799370773185e-05
2782 0.0
2783 0.0
2784 0.0
2785 0.0
2786 4.208842699312634e-06
2787 0.0
2788 0.0
2789 0.0
2790 0.0
2791 1.0629331368791458e-06
2792 1.4959640719323789e-06
2793 0.0
2794 0.0
2795 0.0
2796 0.0
2797 0.0
2798 0.0
2799 2.9885605771125045e-07
2800 3.1941730616073708e-06
2801 0.0
2802 0.0
2803 3.083782662412048e-07
2804 5.8237834840246875e-06
2805 0.0
2806 0.0
2807 0.0001802052419280635
2808 0.0
2809 9.335898452850956e-07
2810 0.0005821472768841917
2811 0.0
2812 0.0
2813 5.324467443696783e-06
2814 0.0
2815 0.0
2816 0.0
2817 0.00017427366429595135
2818 0.0
2819 0.0
2820 5.50978574121963e-07
2821 0.0
2822 0.0
2823 5.602796041096676e-07
2824 0.0
2825 0.0
2826 8.665135119632585e-07
2827 0.0
2828 4.5992603444217733e-07
2829 3.2546348736991904e-05
2830 0.0
2831 0.0
2832 3.3848803806575976e-07
2833 0.0007261398570290948
2834 0.0
2835 2.950059289963781e-06
2836 1.4599217723469767e-05
2837 0.0
2838 0.0
2839 0.0
2840 0.0
2841 0.0
2842 0.0
2843 8.737873943372538e-06
2844 1.526930530067341e-05
2845 0.0
2846 0.005463604000521838
2847 0.0
2848 0.0
2849 6.513726231873415e-07
2850 4.5407445008985974e-05
2851 0.0
2852 1.2663887699982057e-07
2853 0.0
2854 0.0004930334674052904
2855 0.0
2856 7.014026254886775e-07
2857 9.76162467229428e-05
2858 0.0
2859 2.10880987201119e-05
2860 0.0
2861 4.208801958775281e-06
2862 0.0
2863 4.0924051347797745e-06
2864 0.0004896591840608033
2865 7.157535529135113e-06
2866 0.0
2867 0.0
2868 0.0
2869 0.0
2870 3.4546270509175764e-06
2871 0.0
2872 0.0013791683838040433
2873 4.960396090821293e-05
2874 0.0
2875 1.8962862437823202e-06
2876 3.2138769804938856e-06
2877 0.0
2878 0.0
2879 2.482711237372861e-06
2880 0.0
2881 0.0
2882 0.0
2883 0.0
2884 0.0
2885 9.728176717348916e-07
2886 0.0
2887 0.0
2888 2.303624203419377e-06
2889 1.2093375143607123e-05
2890 1.5817667009928411e-06
2891 0.0
2892 0.0
2893 0.0
2894 8.59338493186594e-06
2895 3.0456974735672355e-06
2896 2.531140808982076e-05
2897 0.0
2898 3.079753644484113e-07
2899 0.001367774347742576
2900 0.0
2901 0.0
2902 0.0005170658128927718
2903 1.951916668280082e-06
2904 0.00022776634711311572
2905 3.7760147505057577e-06
2906 0.0
2907 5.673999184763539e-05
2908 5.212934529349514e-06
2909 2.0186281898729836e-05
2910 0.0
2911 0.0
2912 6.816968804153713e-05
2913 2.51030103633503e-05
2914 0.0
2915 0.0
2916 0.0
2917 0.0
2918 0.0
2919 0.0
2920 0.0
2921 1.5821634480732567e-05
2922 0.0
2923 7.779687052844216e-07
2924 7.779687052844216e-07
2925 0.0
2926 0.0
2927 0.0005120055470216043
2928 0.0
2929 0.0
2930 0.0
2931 0.0
2932 0.0
2933 0.0005288736672650484
2934 0.0
2935 4.0958629670693614e-05
2936 2.5812347553009973e-06
2937 0.0
2938 4.6226070793207735e-06
2939 0.0
2940 0.0
2941 0.0
2942 0.0
2943 2.2470679453230653e-06
2944 0.0
2945 7.315018654247456e-06
2946 0.0
2947 0.0
2948 1.6442887622576445e-07
2949 0.0
2950 8.142128431214658e-05
2951 1.1248087985745928e-06
2952 1.0775360205007422e-06
2953 0.0
2954 9.975701626392392e-07
2955 6.084031884462057e-07
2956 9.949129452454137e-08
2957 8.145675593373263e-06
2958 0.0
2959 0.0
2960 0.0
2961 0.0
2962 0.0
2963 0.0
2964 0.0004896591840608033
2965 0.00024921970707836587
2966 0.0
2967 0.0
2968 0.0
2969 0.0
2970 0.0
2971 0.0
2972 0.0
2973 1.1353927641227774e-06
2974 0.0004929673020369066
2975 0.0
2976 0.0
2977 5.032687032257832e-05
2978 0.0002758267519374691
2979 1.5758448682760383e-05
2980 0.0
2981 0.0
2982 5.24782251074462e-07
2983 1.6606490838235508e-06
2984 0.0
2985 0.0
2986 0.0
2987 0.0
2988 1.1983511955476264e-06
2989 0.0001402180702824545
2990 6.179801371059093e-07
2991 0.0
2992 0.0
2993 0.0
2994 0.0
2995 4.980409390383624e-06
2996 9.616987908946094e-07
2997 0.0
2998 2.4016752877248912e-05
2999 7.258298892057293e-05
3000 3.4006724053124256e-06
3001 1.276186340554155e-05
3002 0.0
3003 0.0
3004 0.0
3005 0.0
3006 0.00016489032665336942
3007 1.1345871609415443e-05
3008 0.0
3009 0.0
3010 0.0
3011 0.0
3012 0.0
3013 0.0
3014 0.00023403704585708618
3015 0.0
3016 0.0
3017 1.4127578122005229e-06
3018 0.0
3019 4.430624922730329e-05
3020 5.576281401751549e-06
3021 0.0
3022 0.0
3023 0.0
3024 0.0
3025 0.0
3026 0.0
3027 0.0
3028 0.0
3029 2.5320741501392597e-05
3030 0.00016291554781549942
3031 0.0
3032 3.2304252106448925e-05
3033 7.777651729546324e-06
3034 0.0
3035 0.0
3036 0.0
3037 4.3675179654486276e-06
3038 2.2537589313720056e-06
3039 0.0
3040 0.0
3041 6.8563719395843215e-06
3042 0.0
3043 0.0
3044 1.8370802013242533e-07
3045 0.0
3046 0.0
3047 0.0
3048 0.0
3049 8.164797276305761e-06
3050 0.0005799417817003185
3051 0.0005003870704796654
3052 5.55309736028753e-06
3053 1.723235686138607e-05
3054 1.8812986600436492e-06
3055 0.0
3056 0.0
3057 3.3751687546870948e-06
3058 0.0008206760882379149
3059 8.591735707080756e-07
3060 0.0
3061 0.0
3062 0.0005069973017437984
3063 0.0
3064 0.0
3065 4.0440273527078496e-07
3066 0.0
3067 1.207785102499879e-06
3068 0.0
3069 0.0004896591840608033
3070 0.0
3071 0.0
3072 0.0
3073 0.0
3074 0.0
3075 0.0
3076 1.7270398409432282e-05
3077 0.0006827722516844878
3078 1.751695879624769e-05
3079 1.531975764539215e-05
3080 2.1951633801835837e-05
3081 0.0
3082 0.0006829312075553699
3083 2.8193760762730484e-05
3084 1.0394104869787754e-05
3085 8.148555293725497e-07
3086 0.0
3087 0.0006416507142694279
3088 4.262531768436957e-06
3089 0.0
3090 2.118343080194062e-05
3091 0.0065645104336158845
3092 0.0004896591840608033
3093 0.0
3094 0.0
3095 0.0
3096 0.0
3097 0.0
3098 0.0
3099 0.0
3100 0.0012208154770994408
3101 0.0006966537873108712
3102 0.0
3103 0.0
3104 0.0
3105 3.8527368985919915e-06
3106 0.0
3107 0.0
3108 0.0
3109 1.0826518637845528e-06
3110 0.0004901159774639252
3111 0.0
3112 0.0
3113 0.0
3114 0.0
3115 0.0002733682667944293
3116 0.0
3117 3.3982448177188914e-06
3118 0.0
3119 0.0
3120 2.816005918133975e-06
3121 0.0
3122 0.0002637481508861794
3123 0.0
3124 0.0
3125 1.721613663600455e-05
3126 2.9316183648529145e-06
3127 1.2496980996893685e-05
3128 0.0005010555581612923
3129 0.0
3130 3.10641534767733e-06
3131 0.0
3132 0.00022776634711311572
3133 0.0
3134 3.2300026382504304e-06
3135 4.6998382113067433e-07
3136 0.0
3137 0.0
3138 5.973564022999483e-07
3139 0.00020332429975550344
3140 0.0
3141 2.274691842479433e-06
3142 5.79891989442869e-07
3143 0.0
3144 0.0006014785950462111
3145 0.0
3146 0.0006000629294224249
3147 0.0013333665364179965
3148 8.433162258111998e-06
3149 1.91614850037879e-06
3150 3.484035965039422e-05
3151 0.0
3152 5.32443736761559e-05
3153 1.75204935093388e-05
3154 0.0
3155 3.420640680652839e-05
3156 1.70576400976993e-05
3157 4.180950769873495e-06
3158 8.974610329998381e-06
3159 0.0
3160 0.0
3161 0.0
3162 0.0
3163 0.0
3164 0.0
3165 6.851518358889427e-05
3166 8.18669200841721e-06
3167 0.0
3168 0.0
3169 0.0
3170 0.0
3171 0.0
3172 0.0
3173 0.0
3174 0.0
3175 0.0
3176 0.0
3177 0.0
3178 0.0
3179 2.8332457386589454e-06
3180 3.993022054460475e-05
3181 0.0
3182 0.0009813762240378184
3183 0.0
3184 0.0
3185 0.0
3186 8.68412787745249e-06
3187 0.0
3188 0.00043441632265421934
3189 2.5083131816473234e-05
3190 0.0
3191 0.0
3192 0.0
3193 0.0
3194 4.3153011082650334e-06
3195 0.0
3196 1.130889692740524e-06
3197 2.222230178587948e-05
3198 3.7363566455761667e-06
3199 0.0
3200 0.0
3201 0.0
3202 0.0
3203 0.0
3204 2.637954709280092e-06
3205 3.5361905475362217e-06
3206 0.0
3207 0.0
3208 0.0001354856494795665
3209 1.1472415496997876e-05
3210 0.0
3211 0.0
3212 0.0
3213 0.0
3214 0.0
3215 0.0
3216 1.4036792427825548e-06
3217 6.972167186053303e-06
3218 0.0
3219 0.0
3220 3.3901406013767374e-07
3221 3.0914090268302965e-06
3222 0.0
3223 0.0
3224 0.0
3225 1.4441771912345713e-05
3226 0.00016452014087849792
3227 0.0
3228 2.3064327096102758e-05
3229 0.0
3230 0.0
3231 0.0006306881688677501
3232 0.0
3233 0.0
3234 0.0
3235 3.594912066354673e-06
3236 0.0
3237 0.0
3238 0.0
3239 0.0
3240 0.0009943442205599445
3241 0.0
3242 0.0
3243 0.0
3244 1.7823100196293832e-07
3245 0.0
3246 6.756358754414799e-06
3247 0.0
3248 0.0
3249 8.3603181153224e-06
3250 0.0
3251 0.0
3252 0.004890298020761493
3253 0.0
3254 0.0
3255 0.0
3256 0.0
3257 0.0
3258 0.0
3259 0.0
3260 0.0
3261 0.0
3262 0.0004896591840608033
3263 0.0
3264 0.0
3265 0.00026209563780940946
3266 0.0003213082659536484
3267 0.0
3268 0.0
3269 0.0
3270 0.0
3271 0.0
3272 0.0
3273 0.0
3274 0.0
3275 0.0
3276 0.0
3277 0.0
3278 0.0
3279 0.0
3280 0.0010177961142144043
3281 0.0
3282 0.0
3283 0.0
3284 5.612288450976565e-07
3285 0.0
3286 1.3351536979086036e-06
3287 1.7621541011453782e-05
3288 0.0
3289 0.0
3290 0.0
3291 0.0
3292 0.0
3293 5.996737219992654e-07
3294 0.0
3295 0.0
3296 5.704532316701157e-06
3297 0.0004999081335843342
3298 0.0
3299 0.0
3300 4.828490951434498e-06
3301 2.338191647515308e-05
3302 0.0
3303 0.0
3304 0.0
3305 0.0
3306 0.0
3307 0.0
3308 0.0
3309 0.0
3310 0.0
3311 0.0004896591840608033
3312 0.000993999782615149
3313 0.0
3314 0.0
3315 0.0
3316 1.4539542486095646e-07
3317 8.50393530328939e-06
3318 0.00010186062137621295
3319 0.0001503408249374835
3320 0.0
3321 0.0
3322 0.0004908753937854761
3323 0.0
3324 0.0
3325 6.9196106606359345e-06
3326 8.265785752982848e-07
3327 2.165557467257572e-07
3328 1.0415699920062199e-06
3329 0.0
3330 0.0
3331 0.0
3332 0.0
3333 8.71747932513611e-06
3334 0.0
3335 0.0
3336 0.0
3337 0.000313860333324385
3338 2.991476132112159e-06
3339 9.176455892342926e-07
3340 0.0
3341 0.0004947241573342161
3342 3.882470416027956e-06
3343 0.0
3344 0.0
3345 1.2706694694254407e-05
3346 0.0
3347 3.219927735961335e-06
3348 0.0
3349 0.0
3350 0.0
3351 0.0
3352 0.0
3353 0.0
3354 9.822263899579182e-07
3355 0.0
3356 0.0
3357 0.0
3358 0.0
3359 6.153594783989067e-06
3360 0.0
3361 0.0009790386427950936
3362 0.0
3363 0.0
3364 0.000263963510793835
3365 8.310173590456502e-05
3366 0.0
3367 0.00027863293955391716
3368 0.0
3369 0.0
3370 0.0004919814469185659
3371 0.0
3372 0.0
3373 0.0
3374 0.0004991680253894782
3375 0.0
3376 0.0
3377 0.0
3378 0.0
3379 0.0
3380 4.250394597855198e-06
3381 0.0
3382 4.912489180717798e-07
3383 0.0
3384 0.0
3385 0.0
3386 6.91112667781278e-06
3387 0.0
3388 0.0
3389 0.0
3390 0.0
3391 0.0
3392 0.0
3393 0.0
3394 0.0004903009058278339
3395 0.0
3396 0.0
3397 0.00022776634711311572
3398 6.487427103542646e-07
3399 2.7533288541593547e-06
3400 0.0
3401 0.0
3402 0.0
3403 0.0
3404 0.0
3405 0.0
3406 0.0
3407 0.0
3408 0.0
3409 1.7803694754059162e-05
3410 0.0
3411 0.0
3412 0.0
3413 0.0
3414 0.0
3415 0.0
3416 0.0
3417 6.119591462584506e-06
3418 0.0
3419 0.0
3420 0.0009790386427950936
3421 0.0
3422 4.512235921725687e-07
3423 0.0
3424 0.0
3425 2.5558231216404836e-06
3426 8.592296690766396e-07
3427 0.0
3428 0.0
3429 0.0
3430 0.0
3431 0.0
3432 0.0
3433 0.0
3434 0.0
3435 0.0
3436 0.0
3437 0.0
3438 0.001520191125866313
3439 0.0
3440 0.0
3441 0.0
3442 0.0
3443 0.00038419075803885626
3444 0.0
3445 0.0
3446 0.0
3447 0.0
3448 0.0
3449 0.0
3450 0.0
3451 0.0
3452 0.0004901611577079842
3453 0.00024245341951496815
3454 0.0
3455 3.1707999319373293e-06
3456 0.0
3457 0.0
3458 0.0
3459 0.0
3460 0.0
3461 0.0
3462 0.0
3463 0.0
3464 0.0
3465 0.0
3466 0.0
3467 0.0
3468 0.0
3469 0.0
3470 4.0547765632725315e-06
3471 0.0
3472 0.0
3473 0.0
3474 0.0
3475 0.00012655524527493874
3476 0.0
3477 0.0
3478 0.0
3479 0.0
3480 0.0
3481 0.0004896591840608033
3482 0.0007197048903979598
3483 0.0
3484 7.644308667345442e-06
3485 1.0558845461060913e-06
3486 0.0
3487 0.0
3488 0.0
3489 0.0
3490 1.7475771850481398e-05
3491 0.0
3492 0.0
3493 0.0
3494 0.0
3495 0.0
3496 0.0
3497 0.0
3498 1.2482155269468972e-05
3499 0.0
3500 0.0
3501 4.108478382962975e-05
3502 5.602666231716282e-05
3503 3.53224592442399e-06
3504 0.0
3505 0.0
3506 0.0
3507 0.0
3508 0.0
3509 0.0
3510 0.0
3511 0.0
3512 0.0
3513 0.0
3514 0.0
3515 0.0
3516 0.0
3517 0.0
3518 0.0
3519 0.0
3520 0.0
3521 1.1774564460940625e-06
3522 0.0
3523 0.0004913631585622373
3524 0.0
3525 0.0
3526 0.0
3527 0.0
3528 0.0
3529 0.0
3530 0.0
3531 0.0
3532 0.0
3533 0.0
3534 0.0
3535 0.0
3536 9.240229010687751e-07
3537 0.0
3538 0.0004896591840608033
3539 0.00026955253920953704
3540 0.0
3541 0.0
3542 0.0
3543 0.0
3544 0.0
3545 0.0
3546 8.663502624445897e-06
3547 0.0
3548 0.0
3549 0.0
3550 0.0
3551 0.0
3552 0.0
3553 0.0
3554 0.0
3555 0.0
3556 0.0
3557 0.0
3558 0.0
3559 0.0
3560 7.820041814166217e-07
3561 0.0
3562 0.0
3563 7.32128035398024e-06
3564 0.0
3565 5.669300896150654e-06
3566 0.0
3567 0.0
3568 0.0
3569 0.0
3570 0.0
3571 0.0
3572 0.0
3573 0.0
3574 4.894666703095881e-06
3575 0.0
3576 0.0
3577 0.0
3578 0.0
3579 0.0
3580 0.0
3581 0.0004896591840608033
3582 0.0
3583 0.0
3584 0.0004903861722428029
3585 0.0
3586 0.0
3587 4.1920117788763217e-07
3588 0.0
3589 0.0
3590 0.0
3591 0.0
3592 0.0
3593 1.3986266325644196e-07
3594 0.0
3595 0.0
3596 0.0
3597 0.00028497191417873046
3598 0.0
3599 0.0
3600 0.0
3601 0.0
3602 0.0
3603 0.0
3604 0.0
3605 0.00026196276827931584
3606 0.0012069252564290865
3607 0.0
3608 0.0
3609 0.0
3610 0.0
3611 0.0
3612 0.0
3613 0.0
3614 3.5589983007506515e-06
3615 0.0
3616 0.0
3617 0.0
3618 0.0
3619 0.0
3620 0.0
3621 0.0
3622 0.0
3623 0.0
3624 0.0
3625 0.0
3626 0.0
3627 0.0
3628 0.0
3629 0.00022852943114371613
3630 0.0
3631 0.0
3632 0.0
3633 0.0
3634 0.0
3635 0.0
3636 0.0
3637 0.0
3638 0.0
3639 5.829384915988399e-05
3640 0.0
3641 5.632656871330823e-06
3642 0.0
3643 0.0
3644 0.0
3645 0.0
3646 0.0
3647 0.0
3648 0.0
3649 0.0
3650 0.0007172856685106626
3651 0.0
3652 0.0
3653 0.0
3654 0.0
3655 0.0
3656 0.0
3657 0.0
3658 0.0
3659 0.0
3660 0.0
3661 0.0
3662 0.0
3663 0.0
3664 0.0
3665 0.00040624515276832594
3666 8.135497146277312e-07
3667 0.0
3668 0.0
3669 0.0
3670 0.0
3671 0.0
3672 0.0
3673 0.0
3674 1.2538193296979015e-07
3675 0.0
3676 0.00023682827178116603
3677 0.0
3678 0.0007855713091779727
3679 0.0
3680 2.899504393223168e-07
3681 0.0
3682 0.0
3683 0.0
3684 2.6330427114613793e-06
3685 0.0
3686 0.0
3687 0.0
3688 0.0
3689 0.00024204522857819362
3690 0.0
3691 0.0
3692 0.0004896591840608033
3693 0.0
3694 0.0
3695 0.0
3696 0.0
3697 0.0
3698 0.0
3699 0.0
3700 0.0
3701 0.0
3702 0.0
3703 0.0
3704 0.0
3705 0.0
3706 0.0
3707 0.0
3708 0.0
3709 0.0
3710 0.0
3711 0.0
3712 0.0
3713 0.0
3714 0.0
3715 0.0
3716 0.0002279761411080004
3717 0.0
3718 0.0
3719 0.0
3720 0.0
3721 0.0
3722 0.0
3723 0.0
3724 0.0
3725 0.0
3726 3.496566581411049e-08
3727 0.0
3728 0.0
3729 0.0
3730 0.0
3731 0.0
3732 0.0
3733 0.0
3734 0.0
3735 0.0
3736 0.0
3737 0.0
3738 0.0
3739 0.0
3740 0.0
3741 0.0
3742 0.0
3743 0.0
3744 0.0
3745 0.0
3746 0.0
3747 0.00022776634711311572
3748 0.0
3749 0.0
3750 0.0
3751 0.0
3752 0.0
3753 0.0
3754 0.0
3755 0.0
3756 0.0
3757 0.0
3758 0.0
3759 0.0
3760 0.0
3761 0.0
3762 0.0
3763 0.0
3764 0.0
3765 0.0
3766 0.0
3767 0.0
3768 0.0
3769 0.0
3770 0.0
3771 0.0
3772 0.0
3773 0.0
3774 0.0
3775 0.0
3776 1.0722804182993883e-07
3777 0.0
3778 0.0
3779 0.0
3780 0.0
3781 0.0
3782 0.0
