0 16.276398601398604 0
1 4.879584304584305 1.0
2 -10.405061605061604 2.666666666666666
3 -3.702705627705628 1.7499999999999998
4 -2.2362526362526363 1.7499999999999998
5 -0.2902458652458652 -0.6428571428571423
6 -4.116461316461316 2.9821428571428577
7 -0.8176767676767676 1.412698412698413
8 -1.902897102897103 -2.746031746031746
9 -3.749383949383949 -0.9285714285714279
10 -0.4300976800976801 -3.0057720057720063
11 -0.6389499389499389 0.05483405483405507
12 10.439477189477191 0
13 -4.921558996558996 0.7499999999999998
14 0.45384615384615384 -2.8896103896103895
15 0 -0.5086580086580088
16 0.14835164835164835 -0.7047619047619045
17 0 -1.953712953712954
