0 0.00241626572101377 0.0
1 0.061643464269851234 0.0
2 0.001181668906100533 0.0
3 0.001481267669920026 0.0
4 0.0006819947543358511 0.0
5 0.0045238959590965435 0.0
6 0.004498230665389242 0.0
7 0.002756618763266615 0.0
8 0.0009990983807543817 0.0
9 0.022112344271644404 0.0
10 0.005525116370906059 0.0
11 0.004458278515552692 0.0
12 0.0016359482603253309 0.0
13 0.02008703768824571 0.0
14 0.005854213684588617 0.0
15 0.002600011736004341 0.0
16 0.01255201971441225 0.0
17 0.0032997289701096537 0.0
18 0.00708408540386621 0.0
19 0.006234747938856148 0.0
20 0.005294166210570154 0.0
21 0.008453304924563322 0.0
22 0.008116136252614026 0.0
23 0.014342830283931032 0.0
24 0.003799106116964097 0.0
25 0.0056082609401003755 0.0
26 0.002206450815636334 0.0
27 0.0065997333360211415 0.0
28 0.004710394473282414 0.0
29 0.0033826195897778467 0.0
30 0.002862024851906153 0.0
31 0.0027236841651257955 0.0
32 0.005005426660928233 0.0
33 0.0035485630154774516 0.0
34 0.0024707410269420023 0.0
35 0.011231952462002905 0.0
36 0.012758793559256406 0.0
37 0.0016839052539253535 0.0
38 0.03171455427228295 0.0
39 0.0049131052609344625 0.0
40 0.002357896877671371 0.0
41 0.0024716745742935625 0.0
42 0.026694636944723127 0.0
43 0.003626003762140065 0.0
44 0.0027114965141796375 0.0
45 0.012966188164065027 0.0
46 0.005924815856086666 0.0
47 0.001808918788072127 0.0
48 0.0009785742935816486 0.0
49 0.006955764190914455 0.0
50 0.02765201627539079 0.0
51 0.0027606649231652265 0.0
52 0.0013231884475128379 0.0
53 0.006022882883974313 0.0
54 0.003991483368159855 0.0
55 0.04923462882323276 0.0
56 0.007356264726651384 0.0
57 0.003499347182341527 0.0
58 0.002082717297810384 0.0
59 0.005639246650966689 0.0
60 0.005642763369603178 0.0
61 0.02372597410038081 0.0
62 0.002228710958411269 0.0
63 0.001986001910924163 0.0
64 0.0030511861185154483 0.0
65 0.00023482975405437784 0.0
66 0.007282705206620863 0.0
67 0.001965325352632948 0.0
68 0.0007534030427627366 0.0
69 0.002382006010924606 0.0
70 0.0031526598744422703 0.0
71 0.009440978125840174 0.0
72 0.007517995747071491 0.0
73 0.011273327703087518 0.0
74 0.003941730247984202 0.0
75 0.0008516920741083866 0.0
76 0.012645523994129845 0.0
77 0.015672230099512446 0.0
78 0.016827436284402718 0.0
79 0.008640402314741504 0.0
80 0.004391970089261416 0.0
81 0.007145840530043297 0.0
82 0.0027390071236877314 0.0
83 0.00036592276758323766 0.0
84 0.0009065914745176135 0.0
85 0.0034120637985770594 0.0
86 0.01937794742356718 0.0
87 0.02680901118650422 0.0
88 0.0041916491265406915 0.0
89 0.007361270673997506 0.0
90 0.0032935309388377183 0.0
91 0.002586323490141453 0.0
92 0.0015696393501317741 0.0
93 0.008367614931812949 0.0
94 0.015269277669579332 0.0
95 0.0020615884579222796 0.0
96 0.0068415210576611195 0.0
97 0.009828783827540658 0.0
98 0.0018276935547304942 0.0
99 0.0016144648260194869 0.0
100 0.008258243355501375 0.0
101 0.0037058913139952354 0.0
102 0.0005045957700963642 0.0
103 0.00899631867797916 0.0
104 0.0015988418902726398 0.0
105 0.008443135643051916 0.0
106 0.005909742760943556 0.0
107 0.014086561596746426 0.0
108 0.0026195797416250746 0.0
109 0.03379496198863787 0.0
110 0.008298772911010593 0.0
111 0.011212294687957099 0.0
112 0.0017849978729406837 0.0
113 0.011594916173531387 0.0
114 0.024656660009608308 0.0
115 0.006075617250534241 0.0
116 0.007048559152489363 0.0
117 0.00031657913658174444 0.0
118 0.0044763433963599135 0.0
119 0.0019883024243228416 0.0
120 0.000168392640902385 0.0
121 0.0031015484274988098 0.0
122 0.0003412295108534352 0.0
123 0.0013145775153649002 0.0
124 0.001723273591796309 0.0
125 0.005835738524636443 0.0
126 0.0020284368594569576 0.0
127 0.012558492523907094 0.0
128 0.009761616697225261 0.0
129 0.003832672960132892 0.0
130 0.0067068567154944725 0.0
131 0.0013343509109914728 0.0
132 0.0010990132745631821 0.0
133 0.0011065960070661641 0.0
134 0.0008225206072059809 0.0
135 0.001756943154620422 0.0
136 0.0005589093434127058 0.0
137 0.0038888541237724265 0.0
138 0.002168574164076298 0.0
139 0.001713399014140161 0.0
140 0.0015321253921637293 0.0
141 0.0016856440214709609 0.0
142 0.0011634234920660862 0.0
143 0.001926814244725554 0.0
144 0.003032548286027428 0.0
145 0.02756082332059174 0.0
146 0.006239928561289635 0.0
147 0.002832581796046772 0.0
148 0.00241623194998922 0.0
149 0.00029369828166771894 0.0
150 0.002584591814121427 0.0
151 0.024015145172414855 0.0
152 0.014561324819682826 0.0
153 0.0028259836977038697 0.0
154 0.010061460906023188 0.0
155 0.0009083105121307481 0.0
156 0.002445544761512117 0.0
157 0.0044457055351950535 0.0
158 0.011636144926476891 0.0
159 0.0005291499259547939 0.0
160 0.017113567225850085 0.0
161 0.007287682722077419 0.0
162 0.0007482662853700125 0.0
163 0.001167902778696872 0.0
164 0.002653238420879642 0.0
165 0.003676292667358409 0.0
166 0.003093891831263908 0.0
167 0.0017020842034830342 0.0
168 0.009550298124537806 0.0
169 0.0016300534527527168 0.0
170 0.004913825369749359 0.0
171 0.0013732260360664373 0.0
172 0.0033320388437953464 0.0
173 0.004987880217407716 0.0
174 0.0027028184166364108 0.0
175 0.002184227171946203 0.0
176 0.004428355993301605 0.0
177 0.002690105403083333 0.0
178 0.0017887304493110795 0.0
179 0.0007837504752682853 0.0
180 0.00876762149319008 0.0
181 0.0012750804429031341 0.0
182 0.0005092592122497667 0.0
183 0.004270050509312385 0.0
184 0.003391893886327771 0.0
185 0.0029677389469502983 0.0
186 0.007920783723778165 0.0
187 0.003038201472391243 0.0
188 0.012409557835390411 0.0
189 0.010563384328637453 0.0
190 0.001234831961924374 0.0
191 0.001592724363280591 0.0
192 0.002169076717619859 0.0
193 0.0003638378915840659 0.0
194 0.0006325763587066332 0.0
195 0.0006598147610742784 0.0
196 0.001778131201613666 0.0
197 0.0008916671299695327 0.0
198 0.004115118881114731 0.0
199 0.002656317908591513 0.0
200 0.0012316040051638785 0.0
201 0.004362600051996505 0.0
202 0.0012207998817658156 0.0
203 0.0024077040196247347 0.0
204 0.0007920367795801285 0.0
205 0.011001418468963865 0.0
206 0.0024462641782377298 0.0
207 0.0005658797098634538 0.0
208 0.00027124851748513317 0.0
209 0.0022268725050627967 0.0
210 0.00732603063723718 0.0
211 0.003196938914815953 0.0
212 0.0010505637541764275 0.0
213 0.010998319711738631 0.0
214 0.0015591228622729354 0.0
215 0.005195920506516624 0.0
216 0.0038873629312387225 0.0
217 0.008533014961824629 0.0
218 0.006958397911614698 0.0
219 0.0448749183582858 0.0
220 0.006103574046883341 0.0
221 0.002464253913251594 0.0
222 0.0019245158293314806 0.0
223 0.0019228038386818124 0.0
224 0.023984888091785624 0.0
225 0.0014623558437885079 0.0
226 0.0032834646137775876 0.0
227 0.0017024399702562738 0.0
228 0.0013596243742691567 0.0
229 0.0020884285264309286 0.0
230 0.000791171389443831 0.0
231 0.004252669775682123 0.0
232 0.0010724889391312555 0.0
233 0.0014404754377322945 0.0
234 0.001999783827724663 0.0
235 0.003244857818026837 0.0
236 0.00021035834544588021 0.0
237 0.0036845407763589646 0.0
238 0.0011579848595478324 0.0
239 0.0023534387667371332 0.0
240 0.0032199305738147945 0.0
241 0.010515002032429907 0.0
242 0.0017409913150657152 0.0
243 0.0023546628065162834 0.0
244 0.005695662882383478 0.0
245 0.0017277869663352276 0.0
246 0.0019660876021703145 0.0
247 0.004998498396965526 0.0
248 0.0025692784275556306 0.0
249 0.0027808647186173146 0.0
250 0.007560289815973018 0.0
251 0.0015601402146538182 0.0
252 0.0007438146135752328 0.0
253 0.0007570309702383026 0.0
254 0.0016618849256484845 0.0
255 0.0015500598501511356 0.0
256 0.003996218913465983 0.0
257 0.0017425578181975562 0.0
258 0.0014013906198925234 0.0
259 0.0017363342234780637 0.0
260 0.0006453611305859235 0.0
261 0.0048266362856456725 0.0
262 0.0032704312622231307 0.0
263 0.0015982141249978091 0.0
264 0.001519253366711229 0.0
265 0.0029269956844601083 0.0
266 0.0025831311650782373 0.0
267 0.0010770320651123633 0.0
268 0.0054236141858195214 0.0
269 0.003751566619300827 0.0
270 0.004087014925487738 0.0
271 0.0012561079723846112 0.0
272 0.0015704116802972357 0.0
273 0.004783903640542164 0.0
274 0.001975890396754926 0.0
275 0.0035171400068040553 0.0
276 0.0154243645065911 0.0
277 0.003381864172637328 0.0
278 0.0029435360790862238 0.0
279 0.0017442667632053888 0.0
280 0.0013986065977461535 0.0
281 0.00458735654844542 0.0
282 0.010112915683957663 0.0
283 0.0062385262089718245 0.0
284 0.00236350681858635 0.0
285 0.0013898778866113556 0.0
286 0.0022169464637595664 0.0
287 0.0006131379930362188 0.0
288 0.0017954532174937416 0.0
289 0.006876935613275618 0.0
290 0.011423115452630497 0.0
291 0.0018682359516240888 0.0
292 0.0023947039636888342 0.0
293 0.0038843375108887 0.0
294 0.0006819947543358511 0.0
295 0.0031833882878936613 0.0
296 0.003860628067721837 0.0
297 0.002544740235483361 0.0
298 0.002324551347045576 0.0
299 0.006125155059621096 0.0
300 0.002395381223450882 0.0
301 0.0028317723938541036 0.0
302 0.0029481861396647912 0.0
303 0.008063004631217225 0.0
304 0.00316977052997696 0.0
305 0.001858263128642489 0.0
306 0.001286943291242786 0.0
307 0.0017584517270944854 0.0
308 0.0029121342998087744 0.0
309 0.0015089574268683324 0.0
310 0.0015268316673672968 0.0
311 0.0007340184085147129 0.0
312 0.0029063728292214744 0.0
313 0.002031856663781984 0.0
314 0.00464645647678062 0.0
315 0.0012403133892232995 0.0
316 0.004443831936716813 0.0
317 0.0041606670129626265 0.0
318 0.0021691396275839684 0.0
319 0.003693950106634863 0.0
320 0.002233963331856766 0.0
321 0.0030993260743472006 0.0
322 0.0006457068385621811 0.0
323 0.0018050984204996772 0.0
324 0.000365848365674301 0.0
325 0.00209966210666199 0.0
326 0.0009503944662442285 0.0
327 0.0006697157467960036 0.0
328 0.0022986175030299018 0.0
329 0.0005199893883235103 0.0
330 0.003956266572031878 0.0
331 0.005382530164243873 0.0
332 0.008542401428347425 0.0
333 0.003516036320429381 0.0
334 0.0012659390729452794 0.0
335 0.01585042077794017 0.0
336 0.0007641734740631363 0.0
337 0.0015068724291106602 0.0
338 0.004015852632154233 0.0
339 0.0035540977963919654 0.0
340 0.0023738428144572167 0.0
341 0.0009363848696227469 0.0
342 0.01333676584580708 0.0
343 0.010275860683119713 0.0
344 0.004430043375869056 0.0
345 0.0012181919857459226 0.0
346 0.0008939901600277712 0.0
347 0.0007141481673468245 0.0
348 0.002705569047868074 0.0
349 0.0010200351084823924 0.0
350 0.008261969665216435 0.0
351 0.004082971827332 0.0
352 0.001590174035130349 0.0
353 0.0023341675738951014 0.0
354 0.0002520696560557949 0.0
355 0.03504865058991163 0.0
356 0.0036190638103398 0.0
357 0.0015538771003026821 0.0
358 0.00036788906970819737 0.0
359 0.0009765153396555523 0.0
360 0.003039165062100857 0.0
361 0.010651432822572826 0.0
362 0.004140222864054977 0.0
363 0.0017743378250158028 0.0
364 0.0037271675105634834 0.0
365 0.001891109148370866 0.0
366 0.0012747074252494994 0.0
367 0.0015561612817903128 0.0
368 0.0034370242965489446 0.0
369 0.007674539020646396 0.0
370 0.003169030551236472 0.0
371 0.0009484252115240521 0.0
372 0.0017385447963183995 0.0
373 0.0006825948921415591 0.0
374 0.0011607657528711968 0.0
375 0.0006872540507514133 0.0
376 0.002317880847934092 0.0
377 0.002563274128733717 0.0
378 0.0034425912362812177 0.0
379 0.003940883296254962 0.0
380 0.008100860260713457 0.0
381 0.0013351784464214291 0.0
382 0.002535936196316001 0.0
383 0.010734062112095403 0.0
384 0.0012942450206801517 0.0
385 0.001564677082989151 0.0
386 0.0007917051503680735 0.0
387 0.004280788710133583 0.0
388 0.0010617072746686225 0.0
389 0.006297353674508294 0.0
390 0.0021143709465315766 0.0
391 0.007966627722204422 0.0
392 0.0011277427248955795 0.0
393 0.0017020196101869 0.0
394 0.0015101710886707643 0.0
395 0.010553301281852336 0.0
396 0.0074215647533773695 0.0
397 0.0046030206276686915 0.0
398 0.00119119404164004 0.0
399 0.004451118210634074 0.0
400 0.0010670137431993952 0.0
401 0.0007766441434166472 0.0
402 0.0008794840497586664 0.0
403 0.02015951842408812 0.0
404 0.007661039045965315 0.0
405 0.008304256295548613 0.0
406 0.0009998245187795751 0.0
407 0.0024887521769274704 0.0
408 0.0011136257129973298 0.0
409 0.006612370972431481 0.0
410 0.0029641888799420593 0.0
411 0.0018028254210139562 0.0
412 0.01098037291158978 0.0
413 0.0100741427790512 0.0
414 0.0004820250795931958 0.0
415 0.000866667310586106 0.0
416 0.0036843451107799346 0.0
417 0.0029983243157058305 0.0
418 0.002792147550302845 0.0
419 0.001059602274830824 0.0
420 0.0022737722570093997 0.0
421 0.0022737722570093997 0.0
422 0.001073332210299247 0.0
423 0.0015056872169990428 0.0
424 0.049063599129247744 0.0
425 0.0019890408472606797 0.0
426 0.002410360361334678 0.0
427 0.0012141352703958837 0.0
428 0.001807128074148735 0.0
429 0.0019046250268944618 0.0
430 0.0025783478044317707 0.0
431 0.004819444509838422 0.0
432 0.0017771570619377626 0.0
433 0.0005603500285912708 0.0
434 0.005474081969194789 0.0
435 0.0007167771813317086 0.0
436 0.0019202971108855352 0.0
437 0.00663013742167871 0.0
438 0.0045074099547259125 0.0
439 0.0006722057425797487 0.0
440 0.0022780564325625197 0.0
441 0.00677433093517377 0.0
442 0.0027942175242089374 0.0
443 0.0007489464624303204 0.0
444 0.0007489464624303204 0.0
445 4.987845880114536e-05 0.0
446 0.0007409055547599962 0.0
447 1.9276939522983368e-05 0.0
448 0.0007515402629891612 0.0
449 2.6022843532023138e-05 0.0
450 0.0013798999766948992 0.0
451 0.002496668325900121 0.0
452 0.0007043141401219315 0.0
453 0.003423099028416031 0.0
454 2.1905613094299285e-06 0.0
455 2.9762658129550854e-05 0.0
456 0.00081564912891692 0.0
457 0.000775710791942851 0.0
458 0.000882468782530995 0.0
459 0.00031639314270111074 0.0
460 0.00010648272164052968 0.0
461 0.00015176491311929768 0.0
462 0.00015176491311929768 0.0
463 0.0005444238906660734 0.0
464 0.0001361104894634915 0.0
465 0.001772240581431508 0.0
466 0.00011661640872197732 0.0
467 0.0 0.0
468 0.0 0.0
469 0.0 0.0
470 0.0 0.0
471 0.0 0.0
472 0.0 0.0
473 0.0 0.0
474 0.0 0.0
475 0.0 0.0
476 0.0 0.0
477 0.0 0.0
478 0.0 0.0
479 0.0 0.0
480 0.0 0.0
481 0.0 0.0
482 0.0 0.0
483 0.0 0.0
484 0.0 0.0
485 0.0 0.0
486 0.0 0.0
487 0.0 0.0
488 0.0 0.0
489 0.0 0.0
490 0.0 0.0
491 0.0 0.0
492 0.0 0.0
493 0.0 0.0
494 0.0 0.0
495 0.0 0.0
496 0.0 0.0
497 0.0 0.0
498 0.0 0.0
499 0.0 0.0
500 0.0 0.0
501 0.0 0.0
502 0.0 0.0
503 0.0 0.0
504 0.0 0.0
505 0.0 0.0
506 0.0 0.0
507 0.0 0.0
508 0.0 0.0
509 0.0 0.0
510 0.0 0.0
511 0.0 0.0
512 0.0 0.0
513 0.0 0.0
514 0.0 0.0
515 0.0 0.0
516 0.0 0.0
517 0.0 0.0
518 0.0 0.0
519 0.0 0.0
520 0.0 0.0
521 0.0 0.0
522 0.0 0.0
523 0.0 0.0
524 0.0 0.0
525 0.0 0.0
526 0.0 0.0
527 0.0 0.0
528 0.0 0.0
529 0.0 0.0
530 0.0 0.0
531 0.0 0.0
532 0.0 0.0
533 0.0 0.0
534 0.0 0.0
535 0.0 0.0
536 0.0 0.0
537 0.0 0.0
538 0.0 0.0
539 0.0 0.0
540 0.0 0.0
541 0.0 0.0
542 0.0 0.0
543 0.0 0.0
544 0.0 0.0
545 0.0 0.0
546 0.0 0.0
547 0.0 0.0
548 0.0 0.0
549 0.0 0.0
550 0.0 0.0
551 0.0 0.0
552 0.0 0.0
553 0.0 0.0
554 0.0 0.0
555 0.0 0.0
556 0.0 0.0
557 0.0 0.0
558 0.0 0.0
559 0.0 0.0
560 0.0 0.0
561 0.0 0.0
562 0.0 0.0
563 0.0 0.0
564 0.0 0.0
565 0.0 0.0
566 0.0 0.0
567 0.0 0.0
568 0.0 0.0
569 0.0 0.0
570 0.0 0.0
571 0.0 0.0
572 0.0 0.0
573 0.0 0.0
574 0.0 0.0
575 0.0 0.0
576 0.0 0.0
577 0.0 0.0
578 0.0 0.0
579 0.0 0.0
580 0.0 0.0
581 0.0 0.0
582 0.0 0.0
583 0.0 0.0
584 0.0 0.0
585 0.0 0.0
586 0.0 0.0
587 0.0 0.0
588 0.0 0.0
589 0.0 0.0
590 0.0 0.0
591 0.0 0.0
592 0.0 0.0
593 0.0 0.0
594 0.0 0.0
595 0.0 0.0
596 0.0 0.0
597 0.0 0.0
598 0.0 0.0
599 0.0 0.0
600 0.0 0.0
601 0.0 0.0
602 0.0 0.0
603 0.0 0.0
604 0.0 0.0
605 0.0 0.0
606 0.0 0.0
607 0.0 0.0
608 0.0 0.0
609 0.0 0.0
610 0.0 0.0
611 0.0 0.0
612 0.0 0.0
613 0.0 0.0
614 0.0 0.0
615 0.0 0.0
616 0.0 0.0
617 0.0 0.0
618 0.0 0.0
619 0.0 0.0
620 0.0 0.0
621 0.0 0.0
622 0.0 0.0
623 0.0 0.0
624 0.0 0.0
625 0.0 0.0
626 0.0 0.0
627 0.0 0.0
628 0.0 0.0
629 0.0 0.0
630 0.0 0.0
631 0.0 0.0
632 0.0 0.0
633 0.0 0.0
634 0.0 0.0
635 0.0 0.0
636 0.0 0.0
637 0.0 0.0
638 0.0 0.0
639 0.0 0.0
640 0.0 0.0
641 0.0 0.0
642 0.0 0.0
643 0.0 0.0
644 0.0 0.0
645 0.0 0.0
646 0.0 0.0
647 0.0 0.0
648 0.0 0.0
649 0.0 0.0
650 0.0 0.0
651 0.0 0.0
652 0.0 0.0
653 0.0 0.0
654 0.0 0.0
655 0.0 0.0
656 0.0 0.0
657 0.0 0.0
658 0.0 0.0
659 0.0 0.0
660 0.0 0.0
661 0.0 0.0
662 0.0 0.0
663 0.0 0.0
664 0.0 0.0
665 0.0 0.0
666 0.0 0.0
667 0.0 0.0
668 0.0 0.0
669 0.0 0.0
670 0.0 0.0
671 0.0 0.0
672 0.0 0.0
673 0.0 0.0
674 0.0 0.0
675 0.0 0.0
676 0.0 0.0
677 0.0 0.0
678 0.0 0.0
679 0.0 0.0
680 0.0 0.0
681 0.0 0.0
682 0.0 0.0
683 0.0 0.0
684 0.0 0.0
685 0.0 0.0
686 0.0 0.0
687 0.0 0.0
688 0.0 0.0
689 0.0 0.0
690 0.0 0.0
691 0.0 0.0
692 0.0 0.0
693 0.0 0.0
694 0.0 0.0
695 0.0 0.0
696 0.0 0.0
697 0.0 0.0
698 0.0 0.0
699 0.0 0.0
700 0.0 0.0
701 0.0 0.0
702 0.0 0.0
703 0.0 0.0
704 0.0 0.0
705 0.0 0.0
706 0.0 0.0
707 0.0 0.0
708 0.0 0.0
709 0.0 0.0
710 0.0 0.0
711 0.0 0.0
712 0.0 0.0
713 0.0 0.0
714 0.0 0.0
715 0.0 0.0
716 0.0 0.0
717 0.0 0.0
718 0.0 0.0
719 0.0 0.0
720 0.0 0.0
721 0.0 0.0
722 0.0 0.0
723 0.0 0.0
724 0.0 0.0
725 0.0 0.0
726 0.0 0.0
727 0.0 0.0
728 0.0 0.0
729 0.0 0.0
730 0.0 0.0
731 0.0 0.0
732 0.0 0.0
733 0.0 0.0
734 0.0 0.0
735 0.0 0.0
736 0.0 0.0
737 0.0 0.0
738 0.0 0.0
739 0.0 0.0
740 0.0 0.0
741 0.0 0.0
742 0.0 0.0
743 0.0 0.0
744 0.0 0.0
745 0.0 0.0
746 0.0 0.0
747 0.0 0.0
748 0.0 0.0
749 0.0 0.0
750 0.0 0.0
751 0.0 0.0
752 0.0 0.0
753 0.0 0.0
754 0.0 0.0
755 0.0 0.0
756 0.0 0.0
757 0.0 0.0
758 0.0 0.0
759 0.0 0.0
760 0.0 0.0
761 0.0 0.0
762 0.0 0.0
763 0.0 0.0
764 0.0 0.0
765 0.0 0.0
766 0.0 0.0
767 0.0 0.0
768 0.0 0.0
769 0.0 0.0
770 0.0 0.0
771 0.0 0.0
772 0.0 0.0
773 0.0 0.0
774 0.0 0.0
775 0.0 0.0
776 0.0 0.0
777 0.0 0.0
778 0.0 0.0
779 0.0 0.0
780 0.0 0.0
781 0.0 0.0
782 0.0 0.0
783 0.0 0.0
784 0.0 0.0
785 0.0 0.0
786 0.0 0.0
787 0.0 0.0
788 0.0 0.0
789 0.0 0.0
790 0.0 0.0
791 0.0 0.0
792 0.0 0.0
793 0.0 0.0
794 0.0 0.0
795 0.0 0.0
796 0.0 0.0
797 0.0 0.0
798 0.0 0.0
799 0.0 0.0
800 0.0 0.0
801 0.0 0.0
802 0.0 0.0
803 0.0 0.0
804 0.0 0.0
805 0.0 0.0
806 0.0 0.0
807 0.0 0.0
808 0.0 0.0
809 0.0 0.0
810 0.0 0.0
811 0.0 0.0
812 0.0 0.0
813 0.0 0.0
814 0.0 0.0
815 0.0 0.0
816 0.0 0.0
817 0.0 0.0
818 0.0 0.0
819 0.0 0.0
820 0.0 0.0
821 0.0 0.0
822 0.0 0.0
823 0.0 0.0
824 0.0 0.0
825 0.0 0.0
826 0.0 0.0
827 0.0 0.0
828 0.0 0.0
