829 2948
0 0 0.0 1
0 1 0.0 1
0 2 0.0 1
0 3 0.0 1
0 755 0.0 1
1 0 0.0 1
1 4 0.0 1
1 5 0.0 1
1 6 0.0 1
1 7 0.0 1
1 8 0.0 1
1 9 0.0 1
1 10 0.0 1
1 11 0.0 1
1 12 0.0 1
1 13 0.0 1
1 14 0.0 1
1 15 0.0 1
1 16 0.0 1
1 17 0.0 1
1 18 0.0 1
1 19 0.0 1
1 20 0.0 1
1 21 0.0 1
1 22 0.0 1
1 23 0.0 1
1 24 0.0 1
1 25 0.0 1
1 693 0.0 1
2 0 0.0 1
2 26 0.0 1
2 92 0.0 1
3 0 0.0 1
3 23 0.0 1
3 335 0.0 1
4 1 0.0 1
4 18 0.0 1
4 715 0.0 1
5 1 0.0 1
5 27 0.0 1
5 222 0.0 1
5 659 0.0 1
6 1 0.0 1
6 28 0.0 1
7 1 0.0 1
7 29 0.0 1
7 32 0.0 1
8 1 0.0 1
8 30 0.0 1
9 1 0.0 1
9 31 0.0 1
9 32 0.0 1
9 33 0.0 1
9 34 0.0 1
9 35 0.0 1
9 36 0.0 1
9 37 0.0 1
9 38 0.0 1
10 1 0.0 1
10 30 0.0 1
10 319 0.0 1
10 709 0.0 1
10 772 0.0 1
11 1 0.0 1
11 39 0.0 1
11 40 0.0 1
11 41 0.0 1
11 66 0.0 1
12 1 0.0 1
12 41 0.0 1
12 494 0.0 1
12 607 0.0 1
13 1 0.0 1
13 41 0.0 1
13 210 0.0 1
13 304 0.0 1
13 337 0.0 1
13 355 0.0 1
13 360 0.0 1
13 438 0.0 1
13 474 0.0 1
13 497 0.0 1
13 562 0.0 1
13 660 0.0 1
13 664 0.0 1
13 781 0.0 1
14 1 0.0 1
14 42 0.0 1
14 66 0.0 1
15 1 0.0 1
15 43 0.0 1
15 66 0.0 1
16 1 0.0 1
16 44 0.0 1
16 45 0.0 1
16 46 0.0 1
16 47 0.0 1
16 48 0.0 1
16 308 0.0 1
17 1 0.0 1
17 49 0.0 1
18 1 0.0 1
18 4 0.0 1
18 50 0.0 1
18 360 0.0 1
18 498 0.0 1
18 602 0.0 1
18 619 0.0 1
18 767 0.0 1
18 819 0.0 1
19 1 0.0 1
19 50 0.0 1
19 66 0.0 1
19 89 0.0 1
20 1 0.0 1
20 51 0.0 1
20 52 0.0 1
20 448 0.0 1
21 1 0.0 1
21 53 0.0 1
21 38 0.0 1
21 185 0.0 1
21 470 0.0 1
21 805 0.0 1
22 1 0.0 1
22 54 0.0 1
22 303 0.0 1
22 355 0.0 1
22 577 0.0 1
22 689 0.0 1
23 1 0.0 1
23 3 0.0 1
23 55 0.0 1
23 47 0.0 1
23 285 0.0 1
23 286 0.0 1
23 359 0.0 1
23 400 0.0 1
23 780 0.0 1
24 1 0.0 1
24 55 0.0 1
24 337 0.0 1
25 1 0.0 1
25 56 0.0 1
25 299 0.0 1
25 527 0.0 1
25 586 0.0 1
26 2 0.0 1
26 57 0.0 1
26 213 0.0 1
27 5 0.0 1
27 58 0.0 1
27 72 0.0 1
27 96 0.0 1
27 113 0.0 1
27 496 0.0 1
27 594 0.0 1
27 646 0.0 1
27 802 0.0 1
28 6 0.0 1
28 59 0.0 1
28 466 0.0 1
28 485 0.0 1
28 556 0.0 1
28 647 0.0 1
28 735 0.0 1
29 7 0.0 1
29 60 0.0 1
29 41 0.0 1
29 298 0.0 1
29 479 0.0 1
30 8 0.0 1
30 10 0.0 1
30 61 0.0 1
30 548 0.0 1
30 782 0.0 1
31 9 0.0 1
31 62 0.0 1
31 224 0.0 1
32 9 0.0 1
32 7 0.0 1
32 281 0.0 1
32 373 0.0 1
32 431 0.0 1
33 9 0.0 1
33 63 0.0 1
33 55 0.0 1
34 9 0.0 1
34 62 0.0 1
34 68 0.0 1
34 69 0.0 1
34 567 0.0 1
34 581 0.0 1
35 9 0.0 1
35 64 0.0 1
35 65 0.0 1
35 129 0.0 1
35 284 0.0 1
35 288 0.0 1
35 365 0.0 1
35 519 0.0 1
35 543 0.0 1
35 544 0.0 1
36 9 0.0 1
36 65 0.0 1
36 66 0.0 1
36 64 0.0 1
36 67 0.0 1
36 68 0.0 1
36 69 0.0 1
36 70 0.0 1
36 71 0.0 1
36 567 0.0 1
37 9 0.0 1
37 72 0.0 1
37 138 0.0 1
38 9 0.0 1
38 21 0.0 1
38 80 0.0 1
38 81 0.0 1
38 153 0.0 1
38 161 0.0 1
38 166 0.0 1
38 223 0.0 1
38 224 0.0 1
38 330 0.0 1
38 331 0.0 1
38 342 0.0 1
38 434 0.0 1
39 11 0.0 1
39 73 0.0 1
39 74 0.0 1
39 334 0.0 1
39 335 0.0 1
39 746 0.0 1
40 11 0.0 1
40 75 0.0 1
40 74 0.0 1
40 569 0.0 1
40 713 0.0 1
41 11 0.0 1
41 12 0.0 1
41 13 0.0 1
41 29 0.0 1
41 555 0.0 1
42 14 0.0 1
42 76 0.0 1
42 72 0.0 1
42 96 0.0 1
42 177 0.0 1
42 184 0.0 1
42 249 0.0 1
42 305 0.0 1
42 364 0.0 1
42 424 0.0 1
42 496 0.0 1
42 565 0.0 1
42 605 0.0 1
42 794 0.0 1
43 15 0.0 1
43 77 0.0 1
43 418 0.0 1
43 469 0.0 1
43 688 0.0 1
44 16 0.0 1
44 78 0.0 1
44 79 0.0 1
44 513 0.0 1
45 16 0.0 1
45 80 0.0 1
45 81 0.0 1
45 90 0.0 1
45 273 0.0 1
45 290 0.0 1
45 335 0.0 1
45 399 0.0 1
45 513 0.0 1
45 811 0.0 1
46 16 0.0 1
46 82 0.0 1
46 271 0.0 1
46 276 0.0 1
46 423 0.0 1
46 535 0.0 1
46 814 0.0 1
47 16 0.0 1
47 83 0.0 1
47 23 0.0 1
47 513 0.0 1
48 16 0.0 1
48 84 0.0 1
48 513 0.0 1
49 17 0.0 1
49 85 0.0 1
49 56 0.0 1
49 57 0.0 1
49 301 0.0 1
49 492 0.0 1
49 568 0.0 1
49 795 0.0 1
50 18 0.0 1
50 19 0.0 1
50 86 0.0 1
50 87 0.0 1
50 88 0.0 1
50 89 0.0 1
50 90 0.0 1
50 91 0.0 1
50 403 0.0 1
50 406 0.0 1
51 20 0.0 1
51 92 0.0 1
51 346 0.0 1
51 548 0.0 1
51 696 0.0 1
51 778 0.0 1
52 20 0.0 1
52 93 0.0 1
52 535 0.0 1
52 784 0.0 1
53 21 0.0 1
53 94 0.0 1
53 95 0.0 1
53 96 0.0 1
53 93 0.0 1
53 465 0.0 1
54 22 0.0 1
54 78 0.0 1
54 403 0.0 1
54 404 0.0 1
55 23 0.0 1
55 24 0.0 1
55 97 0.0 1
55 98 0.0 1
55 99 0.0 1
55 100 0.0 1
55 101 0.0 1
55 102 0.0 1
55 33 0.0 1
55 103 0.0 1
55 104 0.0 1
55 105 0.0 1
55 106 0.0 1
55 107 0.0 1
55 108 0.0 1
55 109 0.0 1
55 155 0.0 1
55 176 0.0 1
55 606 0.0 1
55 762 0.0 1
56 25 0.0 1
56 49 0.0 1
56 103 0.0 1
56 107 0.0 1
56 81 0.0 1
56 190 0.0 1
56 637 0.0 1
57 26 0.0 1
57 49 0.0 1
57 107 0.0 1
57 105 0.0 1
57 775 0.0 1
58 27 0.0 1
58 109 0.0 1
58 424 0.0 1
58 612 0.0 1
58 714 0.0 1
59 28 0.0 1
59 110 0.0 1
59 194 0.0 1
59 195 0.0 1
59 375 0.0 1
59 548 0.0 1
59 579 0.0 1
59 710 0.0 1
60 29 0.0 1
60 111 0.0 1
60 362 0.0 1
60 416 0.0 1
60 524 0.0 1
60 526 0.0 1
61 30 0.0 1
61 112 0.0 1
61 113 0.0 1
61 114 0.0 1
61 115 0.0 1
61 116 0.0 1
61 63 0.0 1
61 144 0.0 1
61 145 0.0 1
61 461 0.0 1
61 462 0.0 1
61 463 0.0 1
62 31 0.0 1
62 34 0.0 1
62 117 0.0 1
62 280 0.0 1
62 635 0.0 1
62 759 0.0 1
63 33 0.0 1
63 61 0.0 1
63 118 0.0 1
64 35 0.0 1
64 36 0.0 1
64 119 0.0 1
64 120 0.0 1
64 325 0.0 1
65 36 0.0 1
65 35 0.0 1
66 36 0.0 1
66 11 0.0 1
66 14 0.0 1
66 15 0.0 1
66 19 0.0 1
66 325 0.0 1
66 336 0.0 1
66 455 0.0 1
66 570 0.0 1
67 36 0.0 1
67 120 0.0 1
67 347 0.0 1
67 796 0.0 1
68 36 0.0 1
68 34 0.0 1
68 327 0.0 1
69 36 0.0 1
69 34 0.0 1
69 100 0.0 1
69 682 0.0 1
70 36 0.0 1
70 72 0.0 1
70 315 0.0 1
70 796 0.0 1
71 36 0.0 1
71 121 0.0 1
71 87 0.0 1
71 183 0.0 1
71 199 0.0 1
71 522 0.0 1
71 796 0.0 1
72 37 0.0 1
72 70 0.0 1
72 27 0.0 1
72 42 0.0 1
72 403 0.0 1
73 39 0.0 1
73 122 0.0 1
73 121 0.0 1
73 123 0.0 1
73 124 0.0 1
73 89 0.0 1
73 90 0.0 1
73 109 0.0 1
74 39 0.0 1
74 40 0.0 1
74 125 0.0 1
74 87 0.0 1
74 243 0.0 1
75 40 0.0 1
75 94 0.0 1
76 42 0.0 1
76 97 0.0 1
76 126 0.0 1
76 290 0.0 1
76 298 0.0 1
76 458 0.0 1
76 762 0.0 1
77 43 0.0 1
77 127 0.0 1
77 128 0.0 1
77 79 0.0 1
77 238 0.0 1
77 303 0.0 1
77 443 0.0 1
77 444 0.0 1
77 445 0.0 1
77 541 0.0 1
77 676 0.0 1
78 44 0.0 1
78 54 0.0 1
78 129 0.0 1
78 130 0.0 1
78 131 0.0 1
78 132 0.0 1
78 133 0.0 1
78 134 0.0 1
78 355 0.0 1
78 417 0.0 1
78 656 0.0 1
79 44 0.0 1
79 77 0.0 1
79 112 0.0 1
79 355 0.0 1
79 432 0.0 1
79 538 0.0 1
80 45 0.0 1
80 38 0.0 1
80 220 0.0 1
80 423 0.0 1
80 658 0.0 1
81 45 0.0 1
81 135 0.0 1
81 38 0.0 1
81 56 0.0 1
81 318 0.0 1
81 566 0.0 1
81 631 0.0 1
81 771 0.0 1
82 46 0.0 1
82 136 0.0 1
82 383 0.0 1
82 643 0.0 1
83 47 0.0 1
83 137 0.0 1
84 48 0.0 1
84 138 0.0 1
84 674 0.0 1
84 714 0.0 1
85 49 0.0 1
85 139 0.0 1
85 162 0.0 1
85 380 0.0 1
85 505 0.0 1
85 760 0.0 1
86 50 0.0 1
86 140 0.0 1
86 141 0.0 1
86 142 0.0 1
86 143 0.0 1
86 367 0.0 1
86 437 0.0 1
86 630 0.0 1
86 638 0.0 1
86 650 0.0 1
86 769 0.0 1
87 50 0.0 1
87 125 0.0 1
87 144 0.0 1
87 145 0.0 1
87 146 0.0 1
87 147 0.0 1
87 148 0.0 1
87 74 0.0 1
87 71 0.0 1
87 115 0.0 1
87 376 0.0 1
88 50 0.0 1
88 149 0.0 1
88 145 0.0 1
88 147 0.0 1
89 50 0.0 1
89 73 0.0 1
89 19 0.0 1
89 111 0.0 1
89 510 0.0 1
90 50 0.0 1
90 73 0.0 1
90 45 0.0 1
90 549 0.0 1
91 50 0.0 1
91 150 0.0 1
91 95 0.0 1
92 51 0.0 1
92 2 0.0 1
92 395 0.0 1
93 52 0.0 1
93 53 0.0 1
93 151 0.0 1
93 424 0.0 1
93 446 0.0 1
93 648 0.0 1
94 53 0.0 1
94 75 0.0 1
94 94 0.0 1
94 113 0.0 1
94 277 0.0 1
94 345 0.0 1
94 408 0.0 1
94 412 0.0 1
94 424 0.0 1
94 448 0.0 1
94 496 0.0 1
94 636 0.0 1
94 694 0.0 1
95 53 0.0 1
95 91 0.0 1
95 424 0.0 1
96 53 0.0 1
96 27 0.0 1
96 42 0.0 1
96 233 0.0 1
96 234 0.0 1
96 516 0.0 1
96 613 0.0 1
96 683 0.0 1
96 700 0.0 1
96 740 0.0 1
97 55 0.0 1
97 76 0.0 1
97 152 0.0 1
97 204 0.0 1
98 55 0.0 1
98 153 0.0 1
98 692 0.0 1
99 55 0.0 1
99 154 0.0 1
99 678 0.0 1
100 55 0.0 1
100 154 0.0 1
100 69 0.0 1
100 158 0.0 1
100 283 0.0 1
101 55 0.0 1
101 155 0.0 1
101 170 0.0 1
102 55 0.0 1
102 156 0.0 1
103 55 0.0 1
103 56 0.0 1
103 157 0.0 1
103 158 0.0 1
103 302 0.0 1
103 411 0.0 1
103 786 0.0 1
104 55 0.0 1
104 159 0.0 1
105 55 0.0 1
105 160 0.0 1
105 57 0.0 1
105 156 0.0 1
105 411 0.0 1
106 55 0.0 1
106 161 0.0 1
106 296 0.0 1
106 302 0.0 1
106 640 0.0 1
107 55 0.0 1
107 56 0.0 1
107 57 0.0 1
107 162 0.0 1
107 163 0.0 1
107 164 0.0 1
107 165 0.0 1
107 166 0.0 1
107 167 0.0 1
107 302 0.0 1
108 55 0.0 1
108 164 0.0 1
108 362 0.0 1
109 55 0.0 1
109 58 0.0 1
109 73 0.0 1
109 168 0.0 1
109 127 0.0 1
109 395 0.0 1
109 424 0.0 1
109 530 0.0 1
109 532 0.0 1
109 571 0.0 1
109 694 0.0 1
109 714 0.0 1
109 742 0.0 1
109 773 0.0 1
109 774 0.0 1
109 775 0.0 1
109 776 0.0 1
109 777 0.0 1
109 810 0.0 1
110 59 0.0 1
110 168 0.0 1
110 164 0.0 1
110 274 0.0 1
110 342 0.0 1
111 60 0.0 1
111 169 0.0 1
111 170 0.0 1
111 89 0.0 1
111 171 0.0 1
111 245 0.0 1
111 467 0.0 1
111 495 0.0 1
111 661 0.0 1
111 718 0.0 1
111 811 0.0 1
111 821 0.0 1
112 61 0.0 1
112 79 0.0 1
113 61 0.0 1
113 27 0.0 1
113 94 0.0 1
113 261 0.0 1
113 450 0.0 1
113 603 0.0 1
113 752 0.0 1
113 801 0.0 1
114 61 0.0 1
114 172 0.0 1
114 173 0.0 1
114 174 0.0 1
114 175 0.0 1
114 176 0.0 1
114 177 0.0 1
114 178 0.0 1
114 179 0.0 1
114 180 0.0 1
114 361 0.0 1
114 503 0.0 1
115 61 0.0 1
115 87 0.0 1
115 165 0.0 1
115 232 0.0 1
115 504 0.0 1
115 806 0.0 1
116 61 0.0 1
116 181 0.0 1
116 182 0.0 1
116 332 0.0 1
116 451 0.0 1
116 473 0.0 1
117 62 0.0 1
117 183 0.0 1
117 714 0.0 1
118 63 0.0 1
118 183 0.0 1
118 184 0.0 1
118 219 0.0 1
118 583 0.0 1
118 728 0.0 1
119 64 0.0 1
119 185 0.0 1
119 405 0.0 1
120 67 0.0 1
120 64 0.0 1
120 548 0.0 1
121 71 0.0 1
121 73 0.0 1
121 186 0.0 1
121 608 0.0 1
122 73 0.0 1
122 187 0.0 1
123 73 0.0 1
123 188 0.0 1
123 635 0.0 1
124 73 0.0 1
124 189 0.0 1
124 514 0.0 1
125 74 0.0 1
125 87 0.0 1
125 190 0.0 1
125 189 0.0 1
125 712 0.0 1
126 76 0.0 1
126 191 0.0 1
127 77 0.0 1
127 192 0.0 1
127 193 0.0 1
127 194 0.0 1
127 195 0.0 1
127 109 0.0 1
127 196 0.0 1
128 77 0.0 1
128 192 0.0 1
128 197 0.0 1
128 198 0.0 1
128 199 0.0 1
128 185 0.0 1
128 350 0.0 1
129 78 0.0 1
129 35 0.0 1
129 142 0.0 1
129 766 0.0 1
130 78 0.0 1
130 200 0.0 1
130 188 0.0 1
130 201 0.0 1
130 202 0.0 1
130 766 0.0 1
131 78 0.0 1
131 181 0.0 1
131 766 0.0 1
132 78 0.0 1
132 203 0.0 1
132 814 0.0 1
133 78 0.0 1
133 203 0.0 1
133 766 0.0 1
134 78 0.0 1
134 204 0.0 1
134 766 0.0 1
135 81 0.0 1
135 205 0.0 1
135 329 0.0 1
135 620 0.0 1
136 82 0.0 1
136 206 0.0 1
136 728 0.0 1
137 83 0.0 1
137 207 0.0 1
137 241 0.0 1
137 254 0.0 1
137 397 0.0 1
137 624 0.0 1
138 84 0.0 1
138 37 0.0 1
138 151 0.0 1
139 85 0.0 1
139 157 0.0 1
139 201 0.0 1
139 694 0.0 1
139 714 0.0 1
140 86 0.0 1
140 208 0.0 1
140 658 0.0 1
141 86 0.0 1
141 209 0.0 1
141 658 0.0 1
142 86 0.0 1
142 129 0.0 1
142 658 0.0 1
143 86 0.0 1
143 210 0.0 1
143 658 0.0 1
144 87 0.0 1
144 61 0.0 1
144 151 0.0 1
145 87 0.0 1
145 88 0.0 1
145 211 0.0 1
145 212 0.0 1
145 213 0.0 1
145 61 0.0 1
145 151 0.0 1
145 214 0.0 1
145 215 0.0 1
145 216 0.0 1
145 268 0.0 1
146 87 0.0 1
146 217 0.0 1
146 160 0.0 1
147 87 0.0 1
147 88 0.0 1
147 218 0.0 1
148 87 0.0 1
148 152 0.0 1
149 88 0.0 1
149 186 0.0 1
150 91 0.0 1
150 171 0.0 1
150 175 0.0 1
150 334 0.0 1
150 735 0.0 1
151 93 0.0 1
151 144 0.0 1
151 145 0.0 1
151 219 0.0 1
151 188 0.0 1
151 138 0.0 1
151 156 0.0 1
151 259 0.0 1
151 363 0.0 1
151 615 0.0 1
152 97 0.0 1
152 148 0.0 1
152 220 0.0 1
152 218 0.0 1
152 396 0.0 1
152 407 0.0 1
152 472 0.0 1
152 476 0.0 1
152 483 0.0 1
152 486 0.0 1
152 561 0.0 1
152 697 0.0 1
152 698 0.0 1
152 725 0.0 1
152 747 0.0 1
152 815 0.0 1
153 98 0.0 1
153 38 0.0 1
153 383 0.0 1
154 99 0.0 1
154 100 0.0 1
154 221 0.0 1
154 222 0.0 1
154 223 0.0 1
154 198 0.0 1
154 199 0.0 1
154 207 0.0 1
154 243 0.0 1
154 521 0.0 1
154 758 0.0 1
155 101 0.0 1
155 55 0.0 1
155 679 0.0 1
155 745 0.0 1
156 102 0.0 1
156 105 0.0 1
156 151 0.0 1
156 785 0.0 1
157 103 0.0 1
157 139 0.0 1
157 224 0.0 1
157 380 0.0 1
158 103 0.0 1
158 100 0.0 1
158 206 0.0 1
158 225 0.0 1
158 226 0.0 1
158 227 0.0 1
158 228 0.0 1
158 229 0.0 1
159 104 0.0 1
159 206 0.0 1
159 689 0.0 1
159 808 0.0 1
159 814 0.0 1
160 105 0.0 1
160 146 0.0 1
160 169 0.0 1
160 255 0.0 1
160 310 0.0 1
160 338 0.0 1
160 339 0.0 1
160 385 0.0 1
160 435 0.0 1
160 478 0.0 1
160 671 0.0 1
160 672 0.0 1
161 106 0.0 1
161 230 0.0 1
161 38 0.0 1
161 354 0.0 1
161 355 0.0 1
162 107 0.0 1
162 85 0.0 1
163 107 0.0 1
163 231 0.0 1
164 107 0.0 1
164 108 0.0 1
164 110 0.0 1
164 179 0.0 1
165 107 0.0 1
165 115 0.0 1
165 278 0.0 1
165 592 0.0 1
165 813 0.0 1
166 107 0.0 1
166 232 0.0 1
166 38 0.0 1
166 728 0.0 1
167 107 0.0 1
167 233 0.0 1
167 708 0.0 1
168 109 0.0 1
168 110 0.0 1
168 234 0.0 1
168 312 0.0 1
168 403 0.0 1
168 404 0.0 1
168 721 0.0 1
169 111 0.0 1
169 160 0.0 1
170 111 0.0 1
170 101 0.0 1
170 235 0.0 1
170 823 0.0 1
171 111 0.0 1
171 150 0.0 1
171 236 0.0 1
171 510 0.0 1
172 114 0.0 1
172 237 0.0 1
172 242 0.0 1
172 601 0.0 1
172 787 0.0 1
173 114 0.0 1
173 221 0.0 1
173 222 0.0 1
173 238 0.0 1
173 239 0.0 1
173 632 0.0 1
173 651 0.0 1
174 114 0.0 1
174 227 0.0 1
174 294 0.0 1
175 114 0.0 1
175 150 0.0 1
175 590 0.0 1
176 114 0.0 1
176 55 0.0 1
176 632 0.0 1
176 633 0.0 1
177 114 0.0 1
177 42 0.0 1
178 114 0.0 1
178 240 0.0 1
179 114 0.0 1
179 164 0.0 1
180 114 0.0 1
180 241 0.0 1
180 306 0.0 1
180 388 0.0 1
180 439 0.0 1
180 456 0.0 1
181 116 0.0 1
181 131 0.0 1
181 214 0.0 1
182 116 0.0 1
182 242 0.0 1
182 689 0.0 1
183 117 0.0 1
183 118 0.0 1
183 231 0.0 1
183 71 0.0 1
184 118 0.0 1
184 42 0.0 1
184 440 0.0 1
184 814 0.0 1
185 119 0.0 1
185 128 0.0 1
185 21 0.0 1
186 121 0.0 1
186 149 0.0 1
186 215 0.0 1
186 355 0.0 1
186 417 0.0 1
186 588 0.0 1
186 589 0.0 1
186 629 0.0 1
186 667 0.0 1
186 668 0.0 1
187 122 0.0 1
187 243 0.0 1
187 395 0.0 1
187 396 0.0 1
188 123 0.0 1
188 130 0.0 1
188 151 0.0 1
188 244 0.0 1
188 403 0.0 1
188 405 0.0 1
188 471 0.0 1
188 609 0.0 1
188 797 0.0 1
189 124 0.0 1
189 245 0.0 1
189 246 0.0 1
189 125 0.0 1
189 247 0.0 1
189 248 0.0 1
189 249 0.0 1
189 488 0.0 1
189 817 0.0 1
190 125 0.0 1
190 56 0.0 1
190 576 0.0 1
191 126 0.0 1
191 250 0.0 1
191 706 0.0 1
192 127 0.0 1
192 128 0.0 1
192 251 0.0 1
193 127 0.0 1
193 252 0.0 1
193 530 0.0 1
194 127 0.0 1
194 59 0.0 1
194 530 0.0 1
195 127 0.0 1
195 59 0.0 1
195 530 0.0 1
195 532 0.0 1
196 127 0.0 1
196 253 0.0 1
196 530 0.0 1
197 128 0.0 1
197 211 0.0 1
197 532 0.0 1
198 128 0.0 1
198 154 0.0 1
198 254 0.0 1
198 255 0.0 1
198 791 0.0 1
199 128 0.0 1
199 154 0.0 1
199 71 0.0 1
200 130 0.0 1
200 256 0.0 1
201 130 0.0 1
201 244 0.0 1
201 217 0.0 1
201 139 0.0 1
201 553 0.0 1
202 130 0.0 1
202 257 0.0 1
202 737 0.0 1
203 132 0.0 1
203 133 0.0 1
203 258 0.0 1
203 248 0.0 1
203 535 0.0 1
203 807 0.0 1
204 134 0.0 1
204 97 0.0 1
205 135 0.0 1
205 224 0.0 1
205 269 0.0 1
205 355 0.0 1
205 390 0.0 1
205 525 0.0 1
205 575 0.0 1
205 628 0.0 1
206 136 0.0 1
206 158 0.0 1
206 159 0.0 1
206 259 0.0 1
207 137 0.0 1
207 154 0.0 1
207 535 0.0 1
208 140 0.0 1
208 260 0.0 1
209 141 0.0 1
209 224 0.0 1
209 496 0.0 1
210 143 0.0 1
210 13 0.0 1
210 368 0.0 1
210 369 0.0 1
211 145 0.0 1
211 197 0.0 1
211 237 0.0 1
211 493 0.0 1
211 545 0.0 1
212 145 0.0 1
212 261 0.0 1
213 145 0.0 1
213 262 0.0 1
213 26 0.0 1
213 263 0.0 1
213 264 0.0 1
213 265 0.0 1
213 237 0.0 1
213 266 0.0 1
213 536 0.0 1
213 540 0.0 1
214 145 0.0 1
214 181 0.0 1
214 267 0.0 1
215 145 0.0 1
215 186 0.0 1
215 263 0.0 1
215 267 0.0 1
215 266 0.0 1
215 597 0.0 1
216 145 0.0 1
216 268 0.0 1
216 316 0.0 1
216 357 0.0 1
216 803 0.0 1
217 146 0.0 1
217 201 0.0 1
217 269 0.0 1
217 412 0.0 1
217 424 0.0 1
218 147 0.0 1
218 152 0.0 1
218 269 0.0 1
218 270 0.0 1
218 473 0.0 1
218 552 0.0 1
219 151 0.0 1
219 118 0.0 1
219 271 0.0 1
219 272 0.0 1
219 273 0.0 1
219 274 0.0 1
219 275 0.0 1
219 276 0.0 1
219 277 0.0 1
219 278 0.0 1
219 279 0.0 1
219 280 0.0 1
219 281 0.0 1
219 282 0.0 1
219 283 0.0 1
219 284 0.0 1
219 285 0.0 1
219 286 0.0 1
219 361 0.0 1
220 152 0.0 1
220 287 0.0 1
220 80 0.0 1
220 288 0.0 1
220 289 0.0 1
220 511 0.0 1
220 733 0.0 1
221 154 0.0 1
221 173 0.0 1
221 290 0.0 1
222 154 0.0 1
222 173 0.0 1
222 5 0.0 1
223 154 0.0 1
223 38 0.0 1
224 157 0.0 1
224 205 0.0 1
224 209 0.0 1
224 31 0.0 1
224 291 0.0 1
224 38 0.0 1
224 229 0.0 1
224 251 0.0 1
224 275 0.0 1
224 289 0.0 1
224 442 0.0 1
225 158 0.0 1
225 292 0.0 1
226 158 0.0 1
226 293 0.0 1
226 587 0.0 1
226 748 0.0 1
226 822 0.0 1
227 158 0.0 1
227 174 0.0 1
227 294 0.0 1
228 158 0.0 1
228 295 0.0 1
228 283 0.0 1
229 158 0.0 1
229 224 0.0 1
230 161 0.0 1
230 296 0.0 1
231 163 0.0 1
231 183 0.0 1
231 296 0.0 1
231 246 0.0 1
231 398 0.0 1
232 166 0.0 1
232 115 0.0 1
232 699 0.0 1
233 167 0.0 1
233 96 0.0 1
233 657 0.0 1
233 658 0.0 1
234 168 0.0 1
234 96 0.0 1
234 424 0.0 1
234 810 0.0 1
235 170 0.0 1
235 297 0.0 1
235 386 0.0 1
235 625 0.0 1
235 669 0.0 1
236 171 0.0 1
236 298 0.0 1
237 172 0.0 1
237 211 0.0 1
237 213 0.0 1
237 299 0.0 1
237 596 0.0 1
238 173 0.0 1
238 77 0.0 1
239 173 0.0 1
239 300 0.0 1
239 268 0.0 1
240 178 0.0 1
240 301 0.0 1
240 333 0.0 1
240 447 0.0 1
241 180 0.0 1
241 302 0.0 1
241 137 0.0 1
241 303 0.0 1
241 304 0.0 1
241 283 0.0 1
241 465 0.0 1
241 578 0.0 1
242 182 0.0 1
242 172 0.0 1
242 305 0.0 1
242 477 0.0 1
242 735 0.0 1
243 187 0.0 1
243 154 0.0 1
243 74 0.0 1
243 599 0.0 1
244 188 0.0 1
244 201 0.0 1
244 306 0.0 1
244 307 0.0 1
244 308 0.0 1
244 551 0.0 1
244 639 0.0 1
245 189 0.0 1
245 111 0.0 1
245 584 0.0 1
246 189 0.0 1
246 309 0.0 1
246 231 0.0 1
247 189 0.0 1
247 310 0.0 1
247 293 0.0 1
247 328 0.0 1
247 789 0.0 1
247 790 0.0 1
248 189 0.0 1
248 203 0.0 1
248 311 0.0 1
248 469 0.0 1
249 189 0.0 1
249 42 0.0 1
250 191 0.0 1
250 297 0.0 1
250 282 0.0 1
250 366 0.0 1
250 464 0.0 1
250 739 0.0 1
250 816 0.0 1
251 192 0.0 1
251 224 0.0 1
251 591 0.0 1
252 193 0.0 1
252 312 0.0 1
252 313 0.0 1
252 591 0.0 1
253 196 0.0 1
253 270 0.0 1
253 679 0.0 1
253 745 0.0 1
254 198 0.0 1
254 137 0.0 1
254 300 0.0 1
255 198 0.0 1
255 160 0.0 1
255 814 0.0 1
256 200 0.0 1
256 314 0.0 1
256 293 0.0 1
256 430 0.0 1
256 618 0.0 1
256 729 0.0 1
257 202 0.0 1
257 315 0.0 1
257 330 0.0 1
258 203 0.0 1
258 316 0.0 1
258 576 0.0 1
258 787 0.0 1
259 206 0.0 1
259 151 0.0 1
259 694 0.0 1
260 208 0.0 1
260 317 0.0 1
260 728 0.0 1
261 212 0.0 1
261 113 0.0 1
261 383 0.0 1
261 468 0.0 1
261 480 0.0 1
261 617 0.0 1
261 677 0.0 1
261 779 0.0 1
262 213 0.0 1
262 318 0.0 1
262 263 0.0 1
262 377 0.0 1
262 438 0.0 1
262 728 0.0 1
263 213 0.0 1
263 215 0.0 1
263 262 0.0 1
263 281 0.0 1
264 213 0.0 1
264 319 0.0 1
264 826 0.0 1
265 213 0.0 1
265 320 0.0 1
265 356 0.0 1
265 810 0.0 1
266 213 0.0 1
266 215 0.0 1
266 321 0.0 1
266 322 0.0 1
267 214 0.0 1
267 215 0.0 1
267 323 0.0 1
268 216 0.0 1
268 145 0.0 1
268 239 0.0 1
268 326 0.0 1
268 383 0.0 1
269 217 0.0 1
269 218 0.0 1
269 205 0.0 1
270 218 0.0 1
270 253 0.0 1
270 324 0.0 1
270 652 0.0 1
270 750 0.0 1
270 828 0.0 1
271 219 0.0 1
271 46 0.0 1
271 564 0.0 1
272 219 0.0 1
272 325 0.0 1
273 219 0.0 1
273 45 0.0 1
273 409 0.0 1
273 685 0.0 1
274 219 0.0 1
274 110 0.0 1
275 219 0.0 1
275 224 0.0 1
276 219 0.0 1
276 326 0.0 1
276 295 0.0 1
276 327 0.0 1
276 328 0.0 1
276 329 0.0 1
276 330 0.0 1
276 46 0.0 1
276 391 0.0 1
276 728 0.0 1
277 219 0.0 1
277 94 0.0 1
277 722 0.0 1
278 219 0.0 1
278 165 0.0 1
278 358 0.0 1
279 219 0.0 1
279 331 0.0 1
279 665 0.0 1
280 219 0.0 1
280 62 0.0 1
281 219 0.0 1
281 263 0.0 1
281 32 0.0 1
281 374 0.0 1
282 219 0.0 1
282 332 0.0 1
282 250 0.0 1
283 219 0.0 1
283 241 0.0 1
283 100 0.0 1
283 228 0.0 1
283 542 0.0 1
284 219 0.0 1
284 35 0.0 1
285 219 0.0 1
285 23 0.0 1
286 219 0.0 1
286 23 0.0 1
286 496 0.0 1
286 724 0.0 1
287 220 0.0 1
287 333 0.0 1
288 220 0.0 1
288 35 0.0 1
288 673 0.0 1
289 220 0.0 1
289 224 0.0 1
289 348 0.0 1
289 415 0.0 1
289 558 0.0 1
289 616 0.0 1
289 622 0.0 1
289 741 0.0 1
290 221 0.0 1
290 334 0.0 1
290 333 0.0 1
290 335 0.0 1
290 336 0.0 1
290 76 0.0 1
290 45 0.0 1
290 337 0.0 1
290 633 0.0 1
291 224 0.0 1
291 338 0.0 1
291 651 0.0 1
292 225 0.0 1
292 339 0.0 1
292 317 0.0 1
292 611 0.0 1
292 658 0.0 1
293 226 0.0 1
293 247 0.0 1
293 256 0.0 1
293 426 0.0 1
293 614 0.0 1
293 735 0.0 1
294 227 0.0 1
294 174 0.0 1
294 523 0.0 1
295 228 0.0 1
295 276 0.0 1
295 340 0.0 1
295 546 0.0 1
295 610 0.0 1
296 230 0.0 1
296 231 0.0 1
296 340 0.0 1
296 106 0.0 1
296 537 0.0 1
296 680 0.0 1
297 235 0.0 1
297 250 0.0 1
297 340 0.0 1
297 827 0.0 1
298 236 0.0 1
298 29 0.0 1
298 76 0.0 1
298 514 0.0 1
299 237 0.0 1
299 25 0.0 1
299 323 0.0 1
299 342 0.0 1
299 734 0.0 1
299 825 0.0 1
300 239 0.0 1
300 254 0.0 1
300 320 0.0 1
300 371 0.0 1
300 736 0.0 1
301 240 0.0 1
301 49 0.0 1
301 351 0.0 1
302 241 0.0 1
302 103 0.0 1
302 106 0.0 1
302 107 0.0 1
302 636 0.0 1
303 241 0.0 1
303 77 0.0 1
303 313 0.0 1
303 341 0.0 1
303 22 0.0 1
303 397 0.0 1
304 241 0.0 1
304 312 0.0 1
304 13 0.0 1
305 242 0.0 1
305 42 0.0 1
306 244 0.0 1
306 180 0.0 1
306 599 0.0 1
307 244 0.0 1
307 342 0.0 1
307 649 0.0 1
307 814 0.0 1
308 244 0.0 1
308 16 0.0 1
308 465 0.0 1
308 680 0.0 1
308 743 0.0 1
308 745 0.0 1
309 246 0.0 1
309 343 0.0 1
309 718 0.0 1
309 720 0.0 1
310 247 0.0 1
310 160 0.0 1
310 739 0.0 1
311 248 0.0 1
311 344 0.0 1
312 252 0.0 1
312 304 0.0 1
312 168 0.0 1
312 345 0.0 1
312 753 0.0 1
313 252 0.0 1
313 303 0.0 1
313 342 0.0 1
314 256 0.0 1
314 346 0.0 1
314 347 0.0 1
314 343 0.0 1
314 732 0.0 1
314 761 0.0 1
315 257 0.0 1
315 70 0.0 1
315 675 0.0 1
315 680 0.0 1
315 681 0.0 1
316 258 0.0 1
316 216 0.0 1
316 424 0.0 1
317 260 0.0 1
317 292 0.0 1
317 405 0.0 1
317 559 0.0 1
318 262 0.0 1
318 81 0.0 1
318 361 0.0 1
319 264 0.0 1
319 10 0.0 1
319 413 0.0 1
319 513 0.0 1
319 716 0.0 1
320 265 0.0 1
320 300 0.0 1
320 350 0.0 1
320 727 0.0 1
321 266 0.0 1
321 331 0.0 1
321 333 0.0 1
321 335 0.0 1
322 266 0.0 1
322 348 0.0 1
323 267 0.0 1
323 299 0.0 1
323 749 0.0 1
323 820 0.0 1
324 270 0.0 1
324 349 0.0 1
325 272 0.0 1
325 66 0.0 1
325 64 0.0 1
325 808 0.0 1
325 809 0.0 1
326 276 0.0 1
326 268 0.0 1
327 276 0.0 1
327 68 0.0 1
328 276 0.0 1
328 247 0.0 1
329 276 0.0 1
329 135 0.0 1
330 276 0.0 1
330 257 0.0 1
330 38 0.0 1
331 279 0.0 1
331 321 0.0 1
331 38 0.0 1
331 396 0.0 1
331 653 0.0 1
331 756 0.0 1
332 282 0.0 1
332 350 0.0 1
332 351 0.0 1
332 116 0.0 1
332 352 0.0 1
332 738 0.0 1
333 287 0.0 1
333 290 0.0 1
333 240 0.0 1
333 321 0.0 1
333 811 0.0 1
334 290 0.0 1
334 39 0.0 1
334 150 0.0 1
335 290 0.0 1
335 39 0.0 1
335 353 0.0 1
335 321 0.0 1
335 354 0.0 1
335 355 0.0 1
335 356 0.0 1
335 45 0.0 1
335 357 0.0 1
335 3 0.0 1
336 290 0.0 1
336 66 0.0 1
337 290 0.0 1
337 13 0.0 1
337 24 0.0 1
338 291 0.0 1
338 160 0.0 1
338 413 0.0 1
338 482 0.0 1
339 292 0.0 1
339 160 0.0 1
339 344 0.0 1
340 295 0.0 1
340 296 0.0 1
340 297 0.0 1
340 358 0.0 1
341 303 0.0 1
341 359 0.0 1
341 770 0.0 1
342 307 0.0 1
342 313 0.0 1
342 299 0.0 1
342 110 0.0 1
342 360 0.0 1
342 38 0.0 1
342 383 0.0 1
343 309 0.0 1
343 361 0.0 1
343 362 0.0 1
343 314 0.0 1
343 363 0.0 1
343 364 0.0 1
343 502 0.0 1
343 593 0.0 1
343 641 0.0 1
344 311 0.0 1
344 365 0.0 1
344 366 0.0 1
344 339 0.0 1
344 367 0.0 1
344 762 0.0 1
345 312 0.0 1
345 94 0.0 1
345 670 0.0 1
346 314 0.0 1
346 51 0.0 1
346 808 0.0 1
347 314 0.0 1
347 67 0.0 1
347 689 0.0 1
348 322 0.0 1
348 289 0.0 1
348 413 0.0 1
348 765 0.0 1
349 324 0.0 1
349 368 0.0 1
350 332 0.0 1
350 369 0.0 1
350 128 0.0 1
350 320 0.0 1
350 370 0.0 1
350 591 0.0 1
351 332 0.0 1
351 371 0.0 1
351 301 0.0 1
351 372 0.0 1
351 591 0.0 1
351 814 0.0 1
352 332 0.0 1
352 373 0.0 1
352 383 0.0 1
352 591 0.0 1
353 335 0.0 1
353 374 0.0 1
353 375 0.0 1
354 335 0.0 1
354 161 0.0 1
355 335 0.0 1
355 78 0.0 1
355 186 0.0 1
355 376 0.0 1
355 13 0.0 1
355 79 0.0 1
355 22 0.0 1
355 377 0.0 1
355 378 0.0 1
355 161 0.0 1
355 379 0.0 1
355 205 0.0 1
355 506 0.0 1
355 735 0.0 1
356 335 0.0 1
356 265 0.0 1
356 380 0.0 1
357 335 0.0 1
357 216 0.0 1
357 663 0.0 1
358 340 0.0 1
358 278 0.0 1
358 814 0.0 1
359 341 0.0 1
359 23 0.0 1
359 532 0.0 1
359 571 0.0 1
360 342 0.0 1
360 13 0.0 1
360 18 0.0 1
360 508 0.0 1
360 518 0.0 1
361 343 0.0 1
361 219 0.0 1
361 114 0.0 1
361 318 0.0 1
361 695 0.0 1
362 343 0.0 1
362 60 0.0 1
362 381 0.0 1
362 108 0.0 1
363 343 0.0 1
363 151 0.0 1
363 695 0.0 1
364 343 0.0 1
364 42 0.0 1
364 382 0.0 1
364 695 0.0 1
364 702 0.0 1
365 344 0.0 1
365 35 0.0 1
366 344 0.0 1
366 250 0.0 1
367 344 0.0 1
367 86 0.0 1
367 796 0.0 1
368 349 0.0 1
368 210 0.0 1
368 409 0.0 1
369 350 0.0 1
369 383 0.0 1
369 210 0.0 1
369 384 0.0 1
369 528 0.0 1
369 557 0.0 1
369 754 0.0 1
370 350 0.0 1
370 385 0.0 1
370 386 0.0 1
370 517 0.0 1
371 351 0.0 1
371 300 0.0 1
371 384 0.0 1
372 351 0.0 1
372 387 0.0 1
372 812 0.0 1
373 352 0.0 1
373 32 0.0 1
373 583 0.0 1
374 353 0.0 1
374 281 0.0 1
374 690 0.0 1
375 353 0.0 1
375 59 0.0 1
375 694 0.0 1
376 355 0.0 1
376 87 0.0 1
377 355 0.0 1
377 262 0.0 1
377 731 0.0 1
377 792 0.0 1
377 793 0.0 1
378 355 0.0 1
378 388 0.0 1
378 585 0.0 1
378 627 0.0 1
378 730 0.0 1
378 792 0.0 1
379 355 0.0 1
379 389 0.0 1
379 726 0.0 1
379 730 0.0 1
380 356 0.0 1
380 390 0.0 1
380 85 0.0 1
380 157 0.0 1
380 391 0.0 1
380 392 0.0 1
380 393 0.0 1
381 362 0.0 1
381 390 0.0 1
381 507 0.0 1
382 364 0.0 1
382 391 0.0 1
382 412 0.0 1
382 496 0.0 1
383 369 0.0 1
383 82 0.0 1
383 153 0.0 1
383 342 0.0 1
383 268 0.0 1
383 261 0.0 1
383 352 0.0 1
383 513 0.0 1
384 369 0.0 1
384 371 0.0 1
384 768 0.0 1
385 370 0.0 1
385 160 0.0 1
386 370 0.0 1
386 235 0.0 1
386 796 0.0 1
387 372 0.0 1
387 394 0.0 1
387 413 0.0 1
387 460 0.0 1
387 480 0.0 1
388 378 0.0 1
388 180 0.0 1
388 473 0.0 1
389 379 0.0 1
389 395 0.0 1
389 453 0.0 1
389 711 0.0 1
390 380 0.0 1
390 381 0.0 1
390 205 0.0 1
391 380 0.0 1
391 382 0.0 1
391 276 0.0 1
391 396 0.0 1
391 397 0.0 1
392 380 0.0 1
392 396 0.0 1
392 554 0.0 1
393 380 0.0 1
393 398 0.0 1
393 644 0.0 1
394 387 0.0 1
394 399 0.0 1
394 566 0.0 1
395 389 0.0 1
395 400 0.0 1
395 92 0.0 1
395 401 0.0 1
395 187 0.0 1
395 109 0.0 1
395 675 0.0 1
395 763 0.0 1
396 391 0.0 1
396 392 0.0 1
396 152 0.0 1
396 402 0.0 1
396 187 0.0 1
396 331 0.0 1
397 391 0.0 1
397 137 0.0 1
397 303 0.0 1
397 425 0.0 1
397 783 0.0 1
398 393 0.0 1
398 231 0.0 1
398 735 0.0 1
398 824 0.0 1
399 394 0.0 1
399 45 0.0 1
399 403 0.0 1
399 662 0.0 1
399 814 0.0 1
400 395 0.0 1
400 23 0.0 1
400 530 0.0 1
401 395 0.0 1
401 404 0.0 1
401 530 0.0 1
402 396 0.0 1
402 405 0.0 1
403 399 0.0 1
403 406 0.0 1
403 407 0.0 1
403 188 0.0 1
403 54 0.0 1
403 168 0.0 1
403 50 0.0 1
403 408 0.0 1
403 72 0.0 1
403 404 0.0 1
403 405 0.0 1
403 814 0.0 1
404 401 0.0 1
404 403 0.0 1
404 409 0.0 1
404 54 0.0 1
404 168 0.0 1
404 410 0.0 1
404 436 0.0 1
404 475 0.0 1
404 703 0.0 1
405 402 0.0 1
405 403 0.0 1
405 317 0.0 1
405 188 0.0 1
405 119 0.0 1
405 436 0.0 1
406 403 0.0 1
406 50 0.0 1
406 414 0.0 1
407 403 0.0 1
407 152 0.0 1
407 414 0.0 1
408 403 0.0 1
408 94 0.0 1
409 404 0.0 1
409 411 0.0 1
409 368 0.0 1
409 273 0.0 1
409 412 0.0 1
409 475 0.0 1
410 404 0.0 1
410 413 0.0 1
410 414 0.0 1
410 415 0.0 1
411 409 0.0 1
411 103 0.0 1
411 105 0.0 1
412 409 0.0 1
412 94 0.0 1
412 217 0.0 1
412 416 0.0 1
412 417 0.0 1
412 382 0.0 1
412 418 0.0 1
412 459 0.0 1
412 642 0.0 1
412 645 0.0 1
412 654 0.0 1
412 685 0.0 1
413 410 0.0 1
413 419 0.0 1
413 387 0.0 1
413 338 0.0 1
413 420 0.0 1
413 348 0.0 1
413 319 0.0 1
413 421 0.0 1
414 410 0.0 1
414 406 0.0 1
414 407 0.0 1
414 814 0.0 1
415 410 0.0 1
415 289 0.0 1
415 738 0.0 1
415 739 0.0 1
416 412 0.0 1
416 60 0.0 1
416 424 0.0 1
416 694 0.0 1
416 714 0.0 1
417 412 0.0 1
417 78 0.0 1
417 186 0.0 1
417 694 0.0 1
418 412 0.0 1
418 43 0.0 1
418 424 0.0 1
418 612 0.0 1
418 714 0.0 1
419 413 0.0 1
419 422 0.0 1
419 423 0.0 1
420 413 0.0 1
420 424 0.0 1
421 413 0.0 1
421 424 0.0 1
422 419 0.0 1
422 424 0.0 1
423 419 0.0 1
423 80 0.0 1
423 46 0.0 1
423 694 0.0 1
424 420 0.0 1
424 421 0.0 1
424 422 0.0 1
424 42 0.0 1
424 94 0.0 1
424 425 0.0 1
424 426 0.0 1
424 427 0.0 1
424 428 0.0 1
424 217 0.0 1
424 58 0.0 1
424 429 0.0 1
424 416 0.0 1
424 95 0.0 1
424 234 0.0 1
424 430 0.0 1
424 109 0.0 1
424 418 0.0 1
424 431 0.0 1
424 316 0.0 1
424 93 0.0 1
424 583 0.0 1
425 424 0.0 1
425 397 0.0 1
426 424 0.0 1
426 293 0.0 1
427 424 0.0 1
427 432 0.0 1
428 424 0.0 1
428 433 0.0 1
429 424 0.0 1
429 434 0.0 1
430 424 0.0 1
430 256 0.0 1
431 424 0.0 1
431 32 0.0 1
431 438 0.0 1
431 489 0.0 1
431 714 0.0 1
431 728 0.0 1
432 427 0.0 1
432 79 0.0 1
432 440 0.0 1
433 428 0.0 1
433 435 0.0 1
433 641 0.0 1
434 429 0.0 1
434 436 0.0 1
434 38 0.0 1
434 481 0.0 1
434 515 0.0 1
434 598 0.0 1
434 718 0.0 1
434 719 0.0 1
435 433 0.0 1
435 160 0.0 1
435 548 0.0 1
436 434 0.0 1
436 404 0.0 1
436 405 0.0 1
436 604 0.0 1
437 86 0.0 1
437 441 0.0 1
437 574 0.0 1
437 576 0.0 1
437 600 0.0 1
438 262 0.0 1
438 13 0.0 1
438 431 0.0 1
438 449 0.0 1
438 778 0.0 1
439 180 0.0 1
439 451 0.0 1
440 432 0.0 1
440 184 0.0 1
440 451 0.0 1
440 572 0.0 1
441 437 0.0 1
441 452 0.0 1
441 453 0.0 1
441 454 0.0 1
441 529 0.0 1
441 658 0.0 1
441 686 0.0 1
441 687 0.0 1
442 224 0.0 1
442 457 0.0 1
442 576 0.0 1
443 77 0.0 1
443 471 0.0 1
443 723 0.0 1
444 77 0.0 1
444 471 0.0 1
444 509 0.0 1
445 77 0.0 1
445 473 0.0 1
446 93 0.0 1
446 473 0.0 1
446 487 0.0 1
447 240 0.0 1
447 473 0.0 1
448 94 0.0 1
448 20 0.0 1
448 473 0.0 1
449 438 0.0 1
449 473 0.0 1
450 113 0.0 1
450 473 0.0 1
450 490 0.0 1
450 491 0.0 1
451 439 0.0 1
451 116 0.0 1
451 440 0.0 1
451 484 0.0 1
451 550 0.0 1
451 787 0.0 1
452 441 0.0 1
452 489 0.0 1
452 655 0.0 1
453 441 0.0 1
453 389 0.0 1
453 496 0.0 1
454 441 0.0 1
454 496 0.0 1
455 66 0.0 1
455 496 0.0 1
456 180 0.0 1
456 499 0.0 1
456 501 0.0 1
457 442 0.0 1
457 500 0.0 1
457 501 0.0 1
458 76 0.0 1
458 501 0.0 1
458 573 0.0 1
459 412 0.0 1
459 501 0.0 1
459 571 0.0 1
459 773 0.0 1
460 387 0.0 1
460 501 0.0 1
460 532 0.0 1
460 571 0.0 1
461 61 0.0 1
461 511 0.0 1
462 61 0.0 1
462 511 0.0 1
463 61 0.0 1
463 512 0.0 1
464 250 0.0 1
464 512 0.0 1
465 53 0.0 1
465 308 0.0 1
465 241 0.0 1
465 513 0.0 1
466 28 0.0 1
466 513 0.0 1
466 576 0.0 1
466 787 0.0 1
467 111 0.0 1
