1589 5484
1 0 0.0 1
1 946 0.0 1
1 1084 0.0 1
0 1 0.0 1
0 1084 0.0 1
3 2 0.0 1
3 4 0.0 1
3 5 0.0 1
3 6 0.0 1
2 3 0.0 1
2 4 0.0 1
2 5 0.0 1
2 6 0.0 1
4 2 0.0 1
4 3 0.0 1
4 5 0.0 1
4 6 0.0 1
5 2 0.0 1
5 3 0.0 1
5 4 0.0 1
5 6 0.0 1
6 2 0.0 1
6 3 0.0 1
6 4 0.0 1
6 5 0.0 1
8 7 0.0 1
7 8 0.0 1
7 9 0.0 1
7 10 0.0 1
7 11 0.0 1
9 7 0.0 1
9 10 0.0 1
9 11 0.0 1
9 1424 0.0 1
9 1425 0.0 1
9 1532 0.0 1
10 7 0.0 1
10 9 0.0 1
10 11 0.0 1
11 7 0.0 1
11 10 0.0 1
11 9 0.0 1
13 12 0.0 1
13 14 0.0 1
13 15 0.0 1
12 13 0.0 1
12 14 0.0 1
12 15 0.0 1
12 1047 0.0 1
12 1048 0.0 1
12 1049 0.0 1
12 1050 0.0 1
14 12 0.0 1
14 13 0.0 1
14 15 0.0 1
15 12 0.0 1
15 13 0.0 1
15 14 0.0 1
17 16 0.0 1
17 18 0.0 1
16 17 0.0 1
16 18 0.0 1
18 16 0.0 1
18 17 0.0 1
21 20 0.0 1
21 22 0.0 1
20 21 0.0 1
20 22 0.0 1
22 20 0.0 1
22 21 0.0 1
24 23 0.0 1
24 25 0.0 1
24 201 0.0 1
24 202 0.0 1
24 369 0.0 1
23 24 0.0 1
23 25 0.0 1
25 23 0.0 1
25 24 0.0 1
25 201 0.0 1
25 202 0.0 1
25 369 0.0 1
28 27 0.0 1
28 29 0.0 1
27 28 0.0 1
27 29 0.0 1
29 27 0.0 1
29 28 0.0 1
31 30 0.0 1
31 32 0.0 1
30 31 0.0 1
30 32 0.0 1
30 33 0.0 1
30 34 0.0 1
30 54 0.0 1
30 131 0.0 1
30 327 0.0 1
30 402 0.0 1
30 840 0.0 1
30 894 0.0 1
32 30 0.0 1
32 31 0.0 1
33 30 0.0 1
33 34 0.0 1
33 51 0.0 1
33 52 0.0 1
33 53 0.0 1
33 54 0.0 1
33 131 0.0 1
33 132 0.0 1
33 133 0.0 1
33 134 0.0 1
33 190 0.0 1
33 375 0.0 1
33 376 0.0 1
33 377 0.0 1
33 464 0.0 1
33 485 0.0 1
33 488 0.0 1
33 489 0.0 1
33 507 0.0 1
33 508 0.0 1
33 509 0.0 1
33 561 0.0 1
33 562 0.0 1
33 839 0.0 1
33 840 0.0 1
33 1008 0.0 1
33 1190 0.0 1
33 1191 0.0 1
33 1228 0.0 1
33 1229 0.0 1
33 1295 0.0 1
33 1529 0.0 1
33 1550 0.0 1
33 1551 0.0 1
34 30 0.0 1
34 33 0.0 1
34 53 0.0 1
34 54 0.0 1
34 131 0.0 1
34 132 0.0 1
34 133 0.0 1
34 134 0.0 1
34 561 0.0 1
34 562 0.0 1
34 652 0.0 1
34 654 0.0 1
34 655 0.0 1
34 657 0.0 1
34 756 0.0 1
34 760 0.0 1
34 761 0.0 1
34 762 0.0 1
34 763 0.0 1
34 839 0.0 1
34 840 0.0 1
34 865 0.0 1
34 1130 0.0 1
34 1190 0.0 1
34 1191 0.0 1
34 1550 0.0 1
34 1551 0.0 1
36 35 0.0 1
36 37 0.0 1
36 38 0.0 1
36 39 0.0 1
36 40 0.0 1
35 36 0.0 1
35 37 0.0 1
35 38 0.0 1
35 39 0.0 1
35 40 0.0 1
37 35 0.0 1
37 36 0.0 1
37 38 0.0 1
37 39 0.0 1
37 40 0.0 1
38 35 0.0 1
38 36 0.0 1
38 37 0.0 1
38 39 0.0 1
38 40 0.0 1
39 35 0.0 1
39 36 0.0 1
39 37 0.0 1
39 38 0.0 1
39 40 0.0 1
40 35 0.0 1
40 36 0.0 1
40 37 0.0 1
40 38 0.0 1
40 39 0.0 1
43 42 0.0 1
42 43 0.0 1
45 44 0.0 1
45 46 0.0 1
45 609 0.0 1
45 610 0.0 1
45 611 0.0 1
45 612 0.0 1
44 45 0.0 1
44 46 0.0 1
46 44 0.0 1
46 45 0.0 1
46 78 0.0 1
46 191 0.0 1
46 192 0.0 1
46 193 0.0 1
46 194 0.0 1
46 428 0.0 1
46 596 0.0 1
46 1361 0.0 1
46 1362 0.0 1
46 1363 0.0 1
48 47 0.0 1
48 49 0.0 1
48 50 0.0 1
48 216 0.0 1
48 217 0.0 1
48 218 0.0 1
47 48 0.0 1
47 49 0.0 1
47 50 0.0 1
49 47 0.0 1
49 48 0.0 1
49 50 0.0 1
50 47 0.0 1
50 48 0.0 1
50 49 0.0 1
51 33 0.0 1
51 52 0.0 1
51 53 0.0 1
51 54 0.0 1
51 55 0.0 1
51 56 0.0 1
51 57 0.0 1
51 58 0.0 1
51 1008 0.0 1
52 51 0.0 1
52 33 0.0 1
52 53 0.0 1
52 54 0.0 1
53 51 0.0 1
53 52 0.0 1
53 33 0.0 1
53 34 0.0 1
53 54 0.0 1
53 132 0.0 1
53 133 0.0 1
53 134 0.0 1
53 561 0.0 1
53 562 0.0 1
53 1024 0.0 1
53 1025 0.0 1
53 1315 0.0 1
53 1468 0.0 1
53 1469 0.0 1
53 1470 0.0 1
54 51 0.0 1
54 52 0.0 1
54 53 0.0 1
54 33 0.0 1
54 34 0.0 1
54 30 0.0 1
54 132 0.0 1
54 133 0.0 1
54 134 0.0 1
54 488 0.0 1
54 489 0.0 1
54 561 0.0 1
54 562 0.0 1
54 839 0.0 1
54 840 0.0 1
54 1190 0.0 1
54 1191 0.0 1
54 1228 0.0 1
54 1229 0.0 1
54 1529 0.0 1
54 1550 0.0 1
55 51 0.0 1
55 56 0.0 1
55 90 0.0 1
55 184 0.0 1
55 547 0.0 1
55 654 0.0 1
55 893 0.0 1
55 934 0.0 1
55 1461 0.0 1
56 51 0.0 1
56 55 0.0 1
56 184 0.0 1
56 547 0.0 1
56 654 0.0 1
56 893 0.0 1
56 934 0.0 1
56 1461 0.0 1
57 51 0.0 1
57 58 0.0 1
57 685 0.0 1
58 51 0.0 1
58 57 0.0 1
60 59 0.0 1
60 61 0.0 1
59 60 0.0 1
59 61 0.0 1
61 59 0.0 1
61 60 0.0 1
63 62 0.0 1
63 64 0.0 1
63 65 0.0 1
63 1562 0.0 1
63 1563 0.0 1
63 1564 0.0 1
63 1565 0.0 1
63 1566 0.0 1
63 1567 0.0 1
62 63 0.0 1
62 64 0.0 1
62 65 0.0 1
62 362 0.0 1
62 805 0.0 1
62 806 0.0 1
62 807 0.0 1
62 808 0.0 1
62 1016 0.0 1
62 1070 0.0 1
62 1071 0.0 1
62 1072 0.0 1
62 1073 0.0 1
62 1562 0.0 1
62 1563 0.0 1
62 1564 0.0 1
62 1565 0.0 1
62 1566 0.0 1
62 1567 0.0 1
64 62 0.0 1
64 63 0.0 1
64 65 0.0 1
64 795 0.0 1
64 796 0.0 1
64 797 0.0 1
64 798 0.0 1
65 62 0.0 1
65 63 0.0 1
65 64 0.0 1
67 66 0.0 1
67 68 0.0 1
66 67 0.0 1
66 68 0.0 1
68 66 0.0 1
68 67 0.0 1
70 69 0.0 1
70 71 0.0 1
70 72 0.0 1
69 70 0.0 1
69 71 0.0 1
69 72 0.0 1
69 97 0.0 1
69 310 0.0 1
69 709 0.0 1
69 710 0.0 1
69 757 0.0 1
69 758 0.0 1
69 977 0.0 1
69 1082 0.0 1
69 1083 0.0 1
71 69 0.0 1
71 70 0.0 1
71 72 0.0 1
71 149 0.0 1
71 150 0.0 1
71 151 0.0 1
71 157 0.0 1
71 158 0.0 1
71 709 0.0 1
71 736 0.0 1
71 737 0.0 1
72 69 0.0 1
72 70 0.0 1
72 71 0.0 1
72 235 0.0 1
72 443 0.0 1
72 709 0.0 1
72 738 0.0 1
72 757 0.0 1
72 758 0.0 1
72 977 0.0 1
74 73 0.0 1
74 75 0.0 1
74 76 0.0 1
73 74 0.0 1
73 75 0.0 1
73 76 0.0 1
75 73 0.0 1
75 74 0.0 1
75 76 0.0 1
76 73 0.0 1
76 74 0.0 1
76 75 0.0 1
76 522 0.0 1
76 1381 0.0 1
76 1588 0.0 1
78 77 0.0 1
78 46 0.0 1
78 79 0.0 1
78 80 0.0 1
78 121 0.0 1
78 281 0.0 1
78 305 0.0 1
78 306 0.0 1
78 307 0.0 1
78 308 0.0 1
78 309 0.0 1
78 370 0.0 1
78 371 0.0 1
78 490 0.0 1
78 641 0.0 1
78 646 0.0 1
78 756 0.0 1
78 759 0.0 1
78 853 0.0 1
78 1005 0.0 1
78 1121 0.0 1
78 1122 0.0 1
78 1123 0.0 1
78 1172 0.0 1
78 1195 0.0 1
78 1196 0.0 1
78 1197 0.0 1
77 78 0.0 1
77 79 0.0 1
77 80 0.0 1
79 77 0.0 1
79 78 0.0 1
79 80 0.0 1
80 77 0.0 1
80 78 0.0 1
80 79 0.0 1
82 81 0.0 1
82 83 0.0 1
82 563 0.0 1
82 1498 0.0 1
81 82 0.0 1
81 83 0.0 1
83 81 0.0 1
83 82 0.0 1
85 84 0.0 1
85 86 0.0 1
84 85 0.0 1
84 86 0.0 1
86 84 0.0 1
86 85 0.0 1
88 87 0.0 1
88 711 0.0 1
88 976 0.0 1
88 991 0.0 1
87 88 0.0 1
87 711 0.0 1
90 55 0.0 1
92 91 0.0 1
92 93 0.0 1
91 92 0.0 1
91 93 0.0 1
93 91 0.0 1
93 92 0.0 1
95 94 0.0 1
95 96 0.0 1
95 97 0.0 1
95 98 0.0 1
94 95 0.0 1
94 96 0.0 1
94 97 0.0 1
94 98 0.0 1
94 99 0.0 1
94 100 0.0 1
94 150 0.0 1
94 225 0.0 1
94 708 0.0 1
96 94 0.0 1
96 95 0.0 1
96 97 0.0 1
96 98 0.0 1
96 99 0.0 1
96 100 0.0 1
96 150 0.0 1
96 225 0.0 1
96 700 0.0 1
96 701 0.0 1
96 702 0.0 1
96 708 0.0 1
96 1177 0.0 1
96 1481 0.0 1
96 1482 0.0 1
97 94 0.0 1
97 95 0.0 1
97 96 0.0 1
97 69 0.0 1
97 98 0.0 1
97 99 0.0 1
97 100 0.0 1
97 310 0.0 1
97 708 0.0 1
97 709 0.0 1
97 710 0.0 1
98 94 0.0 1
98 95 0.0 1
98 96 0.0 1
98 97 0.0 1
99 94 0.0 1
99 96 0.0 1
99 97 0.0 1
99 100 0.0 1
99 708 0.0 1
100 94 0.0 1
100 99 0.0 1
100 96 0.0 1
100 97 0.0 1
103 102 0.0 1
103 104 0.0 1
102 103 0.0 1
102 104 0.0 1
104 102 0.0 1
104 103 0.0 1
106 105 0.0 1
106 107 0.0 1
106 859 0.0 1
105 106 0.0 1
105 107 0.0 1
107 105 0.0 1
107 106 0.0 1
109 108 0.0 1
108 109 0.0 1
112 111 0.0 1
111 112 0.0 1
114 113 0.0 1
114 1162 0.0 1
114 1163 0.0 1
113 114 0.0 1
117 116 0.0 1
117 935 0.0 1
117 936 0.0 1
117 937 0.0 1
117 938 0.0 1
116 117 0.0 1
119 118 0.0 1
118 119 0.0 1
118 439 0.0 1
118 441 0.0 1
121 120 0.0 1
121 78 0.0 1
121 548 0.0 1
121 549 0.0 1
121 550 0.0 1
121 764 0.0 1
121 765 0.0 1
121 1030 0.0 1
121 1255 0.0 1
120 121 0.0 1
123 122 0.0 1
123 124 0.0 1
122 123 0.0 1
122 124 0.0 1
124 122 0.0 1
124 123 0.0 1
127 126 0.0 1
127 128 0.0 1
127 151 0.0 1
127 517 0.0 1
127 770 0.0 1
127 771 0.0 1
127 772 0.0 1
127 773 0.0 1
127 1021 0.0 1
127 1022 0.0 1
127 1023 0.0 1
127 1460 0.0 1
126 127 0.0 1
126 128 0.0 1
126 770 0.0 1
126 771 0.0 1
126 772 0.0 1
126 773 0.0 1
128 126 0.0 1
128 127 0.0 1
128 1021 0.0 1
128 1022 0.0 1
128 1023 0.0 1
130 129 0.0 1
129 130 0.0 1
131 33 0.0 1
131 30 0.0 1
131 34 0.0 1
131 203 0.0 1
132 33 0.0 1
132 34 0.0 1
132 53 0.0 1
132 54 0.0 1
132 133 0.0 1
132 134 0.0 1
132 561 0.0 1
132 562 0.0 1
132 1228 0.0 1
132 1229 0.0 1
133 33 0.0 1
133 34 0.0 1
133 132 0.0 1
133 53 0.0 1
133 54 0.0 1
133 134 0.0 1
133 561 0.0 1
133 562 0.0 1
134 33 0.0 1
134 34 0.0 1
134 132 0.0 1
134 133 0.0 1
134 53 0.0 1
134 54 0.0 1
134 561 0.0 1
134 562 0.0 1
136 135 0.0 1
136 216 0.0 1
136 223 0.0 1
136 585 0.0 1
136 586 0.0 1
136 587 0.0 1
136 729 0.0 1
135 136 0.0 1
138 137 0.0 1
137 138 0.0 1
140 139 0.0 1
140 141 0.0 1
140 142 0.0 1
140 143 0.0 1
140 144 0.0 1
140 145 0.0 1
140 146 0.0 1
140 147 0.0 1
140 148 0.0 1
139 140 0.0 1
139 141 0.0 1
139 142 0.0 1
139 143 0.0 1
139 144 0.0 1
139 145 0.0 1
139 146 0.0 1
139 147 0.0 1
139 148 0.0 1
141 139 0.0 1
141 140 0.0 1
141 142 0.0 1
141 143 0.0 1
141 144 0.0 1
141 145 0.0 1
141 146 0.0 1
141 147 0.0 1
141 148 0.0 1
142 139 0.0 1
142 140 0.0 1
142 141 0.0 1
142 143 0.0 1
142 144 0.0 1
142 145 0.0 1
142 146 0.0 1
142 147 0.0 1
142 148 0.0 1
143 139 0.0 1
143 140 0.0 1
143 141 0.0 1
143 142 0.0 1
143 144 0.0 1
143 145 0.0 1
143 146 0.0 1
143 147 0.0 1
143 148 0.0 1
144 139 0.0 1
144 140 0.0 1
144 141 0.0 1
144 142 0.0 1
144 143 0.0 1
144 145 0.0 1
144 146 0.0 1
144 147 0.0 1
144 148 0.0 1
145 139 0.0 1
145 140 0.0 1
145 141 0.0 1
145 142 0.0 1
145 143 0.0 1
145 144 0.0 1
145 146 0.0 1
145 147 0.0 1
145 148 0.0 1
146 139 0.0 1
146 140 0.0 1
146 141 0.0 1
146 142 0.0 1
146 143 0.0 1
146 144 0.0 1
146 145 0.0 1
146 147 0.0 1
146 148 0.0 1
147 139 0.0 1
147 140 0.0 1
147 141 0.0 1
147 142 0.0 1
147 143 0.0 1
147 144 0.0 1
147 145 0.0 1
147 146 0.0 1
147 148 0.0 1
148 139 0.0 1
148 140 0.0 1
148 141 0.0 1
148 142 0.0 1
148 143 0.0 1
148 144 0.0 1
148 145 0.0 1
148 146 0.0 1
148 147 0.0 1
149 71 0.0 1
149 150 0.0 1
149 151 0.0 1
149 152 0.0 1
150 149 0.0 1
150 71 0.0 1
150 96 0.0 1
150 94 0.0 1
150 151 0.0 1
150 225 0.0 1
150 281 0.0 1
150 301 0.0 1
150 500 0.0 1
150 516 0.0 1
150 517 0.0 1
150 1177 0.0 1
150 1178 0.0 1
150 1221 0.0 1
150 1342 0.0 1
151 149 0.0 1
151 71 0.0 1
151 150 0.0 1
151 127 0.0 1
151 225 0.0 1
151 301 0.0 1
151 330 0.0 1
151 331 0.0 1
151 516 0.0 1
151 517 0.0 1
151 963 0.0 1
151 964 0.0 1
151 1088 0.0 1
151 1460 0.0 1
152 149 0.0 1
152 517 0.0 1
154 153 0.0 1
154 155 0.0 1
154 156 0.0 1
153 154 0.0 1
153 155 0.0 1
153 156 0.0 1
155 153 0.0 1
155 154 0.0 1
155 156 0.0 1
156 153 0.0 1
156 154 0.0 1
156 155 0.0 1
157 71 0.0 1
157 158 0.0 1
158 71 0.0 1
158 157 0.0 1
161 160 0.0 1
160 161 0.0 1
163 162 0.0 1
162 163 0.0 1
162 301 0.0 1
162 316 0.0 1
162 638 0.0 1
162 639 0.0 1
165 164 0.0 1
164 165 0.0 1
167 166 0.0 1
166 167 0.0 1
166 406 0.0 1
170 169 0.0 1
170 171 0.0 1
169 170 0.0 1
169 171 0.0 1
171 169 0.0 1
171 170 0.0 1
171 918 0.0 1
173 172 0.0 1
173 174 0.0 1
172 173 0.0 1
172 174 0.0 1
174 172 0.0 1
174 173 0.0 1
176 175 0.0 1
176 177 0.0 1
175 176 0.0 1
175 177 0.0 1
177 175 0.0 1
177 176 0.0 1
177 926 0.0 1
180 179 0.0 1
180 181 0.0 1
179 180 0.0 1
179 181 0.0 1
181 179 0.0 1
181 180 0.0 1
183 182 0.0 1
182 183 0.0 1
184 55 0.0 1
184 56 0.0 1
184 185 0.0 1
184 186 0.0 1
185 184 0.0 1
185 186 0.0 1
186 184 0.0 1
186 185 0.0 1
186 1162 0.0 1
186 1413 0.0 1
186 1414 0.0 1
186 1415 0.0 1
188 187 0.0 1
188 189 0.0 1
187 188 0.0 1
187 189 0.0 1
189 187 0.0 1
189 188 0.0 1
189 567 0.0 1
189 650 0.0 1
189 651 0.0 1
190 33 0.0 1
190 507 0.0 1
190 508 0.0 1
190 509 0.0 1
191 46 0.0 1
191 192 0.0 1
191 193 0.0 1
191 194 0.0 1
192 191 0.0 1
192 46 0.0 1
192 193 0.0 1
193 191 0.0 1
193 192 0.0 1
193 46 0.0 1
194 191 0.0 1
194 46 0.0 1
194 955 0.0 1
194 956 0.0 1
194 1135 0.0 1
194 1136 0.0 1
194 1137 0.0 1
194 1138 0.0 1
194 1384 0.0 1
194 1385 0.0 1
196 195 0.0 1
196 197 0.0 1
196 198 0.0 1
196 199 0.0 1
195 196 0.0 1
195 197 0.0 1
195 198 0.0 1
195 199 0.0 1
197 195 0.0 1
197 196 0.0 1
197 198 0.0 1
197 199 0.0 1
198 195 0.0 1
198 196 0.0 1
198 197 0.0 1
198 199 0.0 1
199 195 0.0 1
199 196 0.0 1
199 197 0.0 1
199 198 0.0 1
201 200 0.0 1
201 24 0.0 1
201 25 0.0 1
201 202 0.0 1
200 201 0.0 1
200 202 0.0 1
202 200 0.0 1
202 201 0.0 1
202 24 0.0 1
202 25 0.0 1
203 131 0.0 1
203 301 0.0 1
203 302 0.0 1
203 303 0.0 1
203 316 0.0 1
203 317 0.0 1
206 205 0.0 1
205 206 0.0 1
208 207 0.0 1
208 209 0.0 1
207 208 0.0 1
207 209 0.0 1
207 1477 0.0 1
207 1478 0.0 1
209 207 0.0 1
209 208 0.0 1
211 210 0.0 1
211 212 0.0 1
210 211 0.0 1
210 212 0.0 1
212 210 0.0 1
212 211 0.0 1
214 213 0.0 1
214 215 0.0 1
213 214 0.0 1
213 215 0.0 1
215 213 0.0 1
215 214 0.0 1
216 48 0.0 1
216 136 0.0 1
216 217 0.0 1
216 218 0.0 1
216 219 0.0 1
216 220 0.0 1
216 221 0.0 1
216 222 0.0 1
216 223 0.0 1
216 224 0.0 1
216 251 0.0 1
216 252 0.0 1
216 345 0.0 1
216 346 0.0 1
216 347 0.0 1
216 516 0.0 1
216 788 0.0 1
216 1041 0.0 1
216 1452 0.0 1
217 216 0.0 1
217 48 0.0 1
217 218 0.0 1
217 251 0.0 1
217 252 0.0 1
218 216 0.0 1
218 217 0.0 1
218 48 0.0 1
218 219 0.0 1
218 220 0.0 1
218 224 0.0 1
218 251 0.0 1
218 252 0.0 1
218 1041 0.0 1
219 216 0.0 1
219 218 0.0 1
219 220 0.0 1
219 221 0.0 1
219 222 0.0 1
219 224 0.0 1
219 343 0.0 1
219 473 0.0 1
219 697 0.0 1
219 1145 0.0 1
219 1282 0.0 1
219 1283 0.0 1
219 1394 0.0 1
219 1395 0.0 1
219 1396 0.0 1
219 1397 0.0 1
219 1560 0.0 1
219 1561 0.0 1
220 216 0.0 1
220 219 0.0 1
220 218 0.0 1
220 221 0.0 1
220 222 0.0 1
220 224 0.0 1
221 216 0.0 1
221 219 0.0 1
221 220 0.0 1
221 222 0.0 1
221 343 0.0 1
221 1145 0.0 1
222 216 0.0 1
222 219 0.0 1
222 220 0.0 1
222 221 0.0 1
222 473 0.0 1
223 216 0.0 1
223 136 0.0 1
224 216 0.0 1
224 220 0.0 1
224 219 0.0 1
224 218 0.0 1
224 1041 0.0 1
225 150 0.0 1
225 96 0.0 1
225 94 0.0 1
225 151 0.0 1
225 516 0.0 1
225 517 0.0 1
227 226 0.0 1
227 1074 0.0 1
226 227 0.0 1
229 228 0.0 1
229 230 0.0 1
229 231 0.0 1
228 229 0.0 1
228 230 0.0 1
228 231 0.0 1
230 228 0.0 1
230 229 0.0 1
230 231 0.0 1
231 228 0.0 1
231 229 0.0 1
231 230 0.0 1
234 233 0.0 1
234 235 0.0 1
233 234 0.0 1
233 235 0.0 1
235 233 0.0 1
235 234 0.0 1
235 72 0.0 1
238 237 0.0 1
237 238 0.0 1
240 239 0.0 1
239 240 0.0 1
239 241 0.0 1
239 1500 0.0 1
239 1501 0.0 1
239 1502 0.0 1
239 1503 0.0 1
241 239 0.0 1
243 242 0.0 1
243 927 0.0 1
243 1518 0.0 1
243 1519 0.0 1
243 1520 0.0 1
242 243 0.0 1
245 244 0.0 1
245 435 0.0 1
245 513 0.0 1
244 245 0.0 1
244 246 0.0 1
244 247 0.0 1
244 435 0.0 1
244 513 0.0 1
244 1230 0.0 1
246 244 0.0 1
247 244 0.0 1
247 415 0.0 1
247 1124 0.0 1
247 1125 0.0 1
249 248 0.0 1
249 250 0.0 1
248 249 0.0 1
248 250 0.0 1
250 248 0.0 1
250 249 0.0 1
251 217 0.0 1
251 216 0.0 1
251 218 0.0 1
251 252 0.0 1
252 217 0.0 1
252 216 0.0 1
252 251 0.0 1
252 218 0.0 1
252 345 0.0 1
252 346 0.0 1
252 347 0.0 1
255 254 0.0 1
255 256 0.0 1
255 1000 0.0 1
254 255 0.0 1
254 256 0.0 1
254 1000 0.0 1
256 254 0.0 1
256 255 0.0 1
259 258 0.0 1
259 1166 0.0 1
259 1167 0.0 1
258 259 0.0 1
258 1166 0.0 1
258 1167 0.0 1
261 260 0.0 1
260 261 0.0 1
263 262 0.0 1
263 264 0.0 1
263 265 0.0 1
263 266 0.0 1
263 267 0.0 1
263 268 0.0 1
263 269 0.0 1
263 944 0.0 1
263 945 0.0 1
262 263 0.0 1
262 264 0.0 1
262 265 0.0 1
262 266 0.0 1
262 267 0.0 1
262 268 0.0 1
262 269 0.0 1
264 262 0.0 1
264 263 0.0 1
264 265 0.0 1
264 266 0.0 1
264 267 0.0 1
264 268 0.0 1
264 269 0.0 1
265 262 0.0 1
265 263 0.0 1
265 264 0.0 1
265 266 0.0 1
265 267 0.0 1
265 268 0.0 1
265 269 0.0 1
265 307 0.0 1
265 908 0.0 1
265 944 0.0 1
265 945 0.0 1
266 262 0.0 1
266 263 0.0 1
266 264 0.0 1
266 265 0.0 1
266 267 0.0 1
266 268 0.0 1
266 269 0.0 1
266 307 0.0 1
266 908 0.0 1
266 944 0.0 1
266 945 0.0 1
267 262 0.0 1
267 263 0.0 1
267 264 0.0 1
267 265 0.0 1
267 266 0.0 1
267 268 0.0 1
267 269 0.0 1
268 262 0.0 1
268 263 0.0 1
268 264 0.0 1
268 265 0.0 1
268 266 0.0 1
268 267 0.0 1
268 269 0.0 1
268 307 0.0 1
268 908 0.0 1
268 944 0.0 1
268 945 0.0 1
269 262 0.0 1
269 263 0.0 1
269 264 0.0 1
269 265 0.0 1
269 266 0.0 1
269 267 0.0 1
269 268 0.0 1
271 270 0.0 1
270 271 0.0 1
274 273 0.0 1
274 275 0.0 1
273 274 0.0 1
273 275 0.0 1
275 273 0.0 1
275 274 0.0 1
275 606 0.0 1
275 607 0.0 1
275 608 0.0 1
277 276 0.0 1
277 278 0.0 1
277 401 0.0 1
277 402 0.0 1
277 403 0.0 1
277 404 0.0 1
277 405 0.0 1
277 595 0.0 1
276 277 0.0 1
276 278 0.0 1
278 276 0.0 1
278 277 0.0 1
278 401 0.0 1
278 402 0.0 1
278 403 0.0 1
278 404 0.0 1
278 405 0.0 1
278 595 0.0 1
280 279 0.0 1
280 281 0.0 1
280 282 0.0 1
280 283 0.0 1
280 284 0.0 1
280 285 0.0 1
279 280 0.0 1
279 281 0.0 1
279 282 0.0 1
279 283 0.0 1
279 284 0.0 1
279 285 0.0 1
281 279 0.0 1
281 280 0.0 1
281 78 0.0 1
281 150 0.0 1
281 282 0.0 1
281 283 0.0 1
281 284 0.0 1
281 285 0.0 1
281 574 0.0 1
281 575 0.0 1
281 576 0.0 1
281 1081 0.0 1
281 1178 0.0 1
281 1342 0.0 1
281 1343 0.0 1
281 1344 0.0 1
281 1451 0.0 1
282 279 0.0 1
282 280 0.0 1
282 281 0.0 1
282 283 0.0 1
282 284 0.0 1
282 285 0.0 1
282 450 0.0 1
283 279 0.0 1
283 280 0.0 1
283 281 0.0 1
283 282 0.0 1
283 284 0.0 1
283 285 0.0 1
283 574 0.0 1
283 1451 0.0 1
284 279 0.0 1
284 280 0.0 1
284 281 0.0 1
284 282 0.0 1
284 283 0.0 1
284 285 0.0 1
285 279 0.0 1
285 280 0.0 1
285 281 0.0 1
285 282 0.0 1
285 283 0.0 1
285 284 0.0 1
287 286 0.0 1
287 288 0.0 1
286 287 0.0 1
286 288 0.0 1
286 289 0.0 1
288 286 0.0 1
288 287 0.0 1
288 289 0.0 1
289 286 0.0 1
289 288 0.0 1
291 290 0.0 1
291 292 0.0 1
290 291 0.0 1
290 292 0.0 1
292 290 0.0 1
292 291 0.0 1
294 293 0.0 1
294 742 0.0 1
294 743 0.0 1
294 744 0.0 1
294 746 0.0 1
294 860 0.0 1
294 931 0.0 1
294 932 0.0 1
294 1028 0.0 1
294 1029 0.0 1
294 1278 0.0 1
294 1368 0.0 1
294 1369 0.0 1
294 1464 0.0 1
294 1465 0.0 1
294 1466 0.0 1
294 1467 0.0 1
294 1553 0.0 1
294 1554 0.0 1
294 1555 0.0 1
293 294 0.0 1
293 742 0.0 1
293 743 0.0 1
293 744 0.0 1
293 931 0.0 1
293 932 0.0 1
293 1278 0.0 1
293 1368 0.0 1
293 1369 0.0 1
297 296 0.0 1
296 297 0.0 1
296 298 0.0 1
296 299 0.0 1
296 300 0.0 1
298 296 0.0 1
298 299 0.0 1
298 300 0.0 1
299 296 0.0 1
299 298 0.0 1
299 300 0.0 1
300 296 0.0 1
300 298 0.0 1
300 299 0.0 1
300 973 0.0 1
300 1497 0.0 1
301 203 0.0 1
301 150 0.0 1
301 151 0.0 1
301 162 0.0 1
301 302 0.0 1
301 303 0.0 1
301 304 0.0 1
301 316 0.0 1
301 317 0.0 1
301 463 0.0 1
301 638 0.0 1
301 639 0.0 1
302 301 0.0 1
302 203 0.0 1
302 303 0.0 1
302 304 0.0 1
302 1182 0.0 1
303 301 0.0 1
303 203 0.0 1
303 302 0.0 1
303 499 0.0 1
303 1026 0.0 1
303 1416 0.0 1
303 1417 0.0 1
304 301 0.0 1
304 302 0.0 1
305 78 0.0 1
305 306 0.0 1
305 307 0.0 1
305 308 0.0 1
305 309 0.0 1
306 305 0.0 1
306 78 0.0 1
306 307 0.0 1
306 308 0.0 1
307 305 0.0 1
307 306 0.0 1
307 78 0.0 1
307 265 0.0 1
307 266 0.0 1
307 268 0.0 1
307 308 0.0 1
307 590 0.0 1
307 908 0.0 1
308 305 0.0 1
308 306 0.0 1
308 307 0.0 1
308 78 0.0 1
308 309 0.0 1
308 1039 0.0 1
308 1040 0.0 1
308 1549 0.0 1
309 305 0.0 1
309 78 0.0 1
309 308 0.0 1
309 371 0.0 1
309 490 0.0 1
309 491 0.0 1
309 493 0.0 1
310 97 0.0 1
310 69 0.0 1
312 311 0.0 1
311 312 0.0 1
314 313 0.0 1
314 315 0.0 1
314 1398 0.0 1
313 314 0.0 1
313 315 0.0 1
315 313 0.0 1
315 314 0.0 1
316 203 0.0 1
316 301 0.0 1
316 162 0.0 1
316 317 0.0 1
316 638 0.0 1
316 639 0.0 1
317 203 0.0 1
317 316 0.0 1
317 301 0.0 1
319 318 0.0 1
319 421 0.0 1
318 319 0.0 1
321 320 0.0 1
321 322 0.0 1
321 323 0.0 1
321 1270 0.0 1
320 321 0.0 1
320 322 0.0 1
320 323 0.0 1
320 324 0.0 1
320 325 0.0 1
320 1270 0.0 1
322 320 0.0 1
322 321 0.0 1
322 323 0.0 1
323 320 0.0 1
323 321 0.0 1
323 322 0.0 1
323 324 0.0 1
323 325 0.0 1
324 320 0.0 1
324 323 0.0 1
324 325 0.0 1
325 320 0.0 1
325 323 0.0 1
325 324 0.0 1
327 326 0.0 1
327 30 0.0 1
327 328 0.0 1
327 329 0.0 1
327 402 0.0 1
327 416 0.0 1
327 417 0.0 1
327 596 0.0 1
327 894 0.0 1
327 1189 0.0 1
327 1404 0.0 1
327 1405 0.0 1
327 1406 0.0 1
327 1407 0.0 1
327 1408 0.0 1
326 327 0.0 1
326 328 0.0 1
326 329 0.0 1
328 326 0.0 1
328 327 0.0 1
328 329 0.0 1
328 402 0.0 1
328 416 0.0 1
328 1189 0.0 1
329 326 0.0 1
329 327 0.0 1
329 328 0.0 1
329 547 0.0 1
329 1389 0.0 1
330 151 0.0 1
330 331 0.0 1
330 1214 0.0 1
330 1215 0.0 1
330 1216 0.0 1
330 1217 0.0 1
331 330 0.0 1
331 151 0.0 1
333 332 0.0 1
333 334 0.0 1
333 335 0.0 1
332 333 0.0 1
332 334 0.0 1
332 335 0.0 1
334 332 0.0 1
334 333 0.0 1
334 335 0.0 1
335 332 0.0 1
335 333 0.0 1
335 334 0.0 1
337 336 0.0 1
337 631 0.0 1
337 1570 0.0 1
337 1571 0.0 1
337 1572 0.0 1
337 1573 0.0 1
336 337 0.0 1
339 338 0.0 1
339 340 0.0 1
339 341 0.0 1
338 339 0.0 1
338 340 0.0 1
338 341 0.0 1
340 338 0.0 1
340 339 0.0 1
340 341 0.0 1
341 338 0.0 1
341 339 0.0 1
341 340 0.0 1
343 342 0.0 1
343 221 0.0 1
343 219 0.0 1
343 344 0.0 1
343 697 0.0 1
343 1145 0.0 1
343 1394 0.0 1
343 1395 0.0 1
343 1396 0.0 1
343 1397 0.0 1
342 343 0.0 1
342 344 0.0 1
342 692 0.0 1
344 342 0.0 1
344 343 0.0 1
345 252 0.0 1
345 216 0.0 1
345 346 0.0 1
345 347 0.0 1
346 345 0.0 1
346 252 0.0 1
346 216 0.0 1
346 347 0.0 1
346 516 0.0 1
346 788 0.0 1
347 345 0.0 1
347 346 0.0 1
347 252 0.0 1
347 216 0.0 1
349 348 0.0 1
349 350 0.0 1
349 351 0.0 1
349 352 0.0 1
349 353 0.0 1
348 349 0.0 1
348 350 0.0 1
348 351 0.0 1
348 352 0.0 1
348 353 0.0 1
350 348 0.0 1
350 349 0.0 1
350 351 0.0 1
350 352 0.0 1
350 353 0.0 1
350 686 0.0 1
351 348 0.0 1
351 349 0.0 1
351 350 0.0 1
351 352 0.0 1
351 353 0.0 1
352 348 0.0 1
352 349 0.0 1
352 350 0.0 1
352 351 0.0 1
352 353 0.0 1
353 348 0.0 1
353 349 0.0 1
353 350 0.0 1
353 351 0.0 1
353 352 0.0 1
355 354 0.0 1
355 356 0.0 1
354 355 0.0 1
354 356 0.0 1
356 354 0.0 1
356 355 0.0 1
358 357 0.0 1
358 359 0.0 1
358 360 0.0 1
358 361 0.0 1
357 358 0.0 1
357 359 0.0 1
357 360 0.0 1
357 361 0.0 1
359 357 0.0 1
359 358 0.0 1
360 357 0.0 1
360 358 0.0 1
360 361 0.0 1
361 357 0.0 1
361 360 0.0 1
361 358 0.0 1
362 62 0.0 1
362 363 0.0 1
362 364 0.0 1
362 365 0.0 1
362 805 0.0 1
362 806 0.0 1
362 807 0.0 1
362 1071 0.0 1
362 1349 0.0 1
362 1350 0.0 1
362 1351 0.0 1
362 1352 0.0 1
363 362 0.0 1
364 362 0.0 1
364 365 0.0 1
365 362 0.0 1
365 364 0.0 1
367 366 0.0 1
367 368 0.0 1
366 367 0.0 1
366 368 0.0 1
368 366 0.0 1
368 367 0.0 1
369 24 0.0 1
369 25 0.0 1
370 78 0.0 1
370 371 0.0 1
371 370 0.0 1
371 78 0.0 1
371 309 0.0 1
371 759 0.0 1
371 866 0.0 1
371 867 0.0 1
373 372 0.0 1
373 374 0.0 1
372 373 0.0 1
372 374 0.0 1
374 372 0.0 1
374 373 0.0 1
375 33 0.0 1
375 376 0.0 1
375 377 0.0 1
375 378 0.0 1
375 1263 0.0 1
375 1295 0.0 1
376 375 0.0 1
376 33 0.0 1
376 377 0.0 1
376 378 0.0 1
376 1263 0.0 1
376 1295 0.0 1
377 375 0.0 1
377 376 0.0 1
377 33 0.0 1
377 378 0.0 1
377 1263 0.0 1
377 1295 0.0 1
377 1347 0.0 1
377 1348 0.0 1
378 375 0.0 1
378 376 0.0 1
378 377 0.0 1
380 379 0.0 1
380 381 0.0 1
379 380 0.0 1
379 381 0.0 1
381 379 0.0 1
381 380 0.0 1
383 382 0.0 1
383 384 0.0 1
382 383 0.0 1
382 384 0.0 1
384 382 0.0 1
384 383 0.0 1
386 385 0.0 1
386 387 0.0 1
386 388 0.0 1
386 389 0.0 1
386 390 0.0 1
386 391 0.0 1
386 392 0.0 1
385 386 0.0 1
385 387 0.0 1
385 388 0.0 1
385 389 0.0 1
385 390 0.0 1
385 391 0.0 1
385 392 0.0 1
387 385 0.0 1
387 386 0.0 1
387 388 0.0 1
387 389 0.0 1
387 390 0.0 1
387 391 0.0 1
387 392 0.0 1
388 385 0.0 1
388 386 0.0 1
388 387 0.0 1
388 389 0.0 1
388 390 0.0 1
388 391 0.0 1
388 392 0.0 1
389 385 0.0 1
389 386 0.0 1
389 387 0.0 1
389 388 0.0 1
389 390 0.0 1
389 391 0.0 1
389 392 0.0 1
390 385 0.0 1
390 386 0.0 1
390 387 0.0 1
390 388 0.0 1
390 389 0.0 1
390 391 0.0 1
390 392 0.0 1
391 385 0.0 1
391 386 0.0 1
391 387 0.0 1
391 388 0.0 1
391 389 0.0 1
391 390 0.0 1
391 392 0.0 1
392 385 0.0 1
392 386 0.0 1
392 387 0.0 1
392 388 0.0 1
392 389 0.0 1
392 390 0.0 1
392 391 0.0 1
394 393 0.0 1
394 395 0.0 1
394 396 0.0 1
393 394 0.0 1
393 395 0.0 1
393 396 0.0 1
395 393 0.0 1
395 394 0.0 1
395 396 0.0 1
396 393 0.0 1
396 394 0.0 1
396 395 0.0 1
398 397 0.0 1
398 399 0.0 1
398 400 0.0 1
397 398 0.0 1
397 399 0.0 1
397 400 0.0 1
399 397 0.0 1
399 398 0.0 1
399 400 0.0 1
400 397 0.0 1
400 398 0.0 1
400 399 0.0 1
401 277 0.0 1
401 278 0.0 1
401 402 0.0 1
401 403 0.0 1
401 404 0.0 1
401 405 0.0 1
402 401 0.0 1
402 277 0.0 1
402 278 0.0 1
402 327 0.0 1
402 328 0.0 1
402 30 0.0 1
402 403 0.0 1
402 404 0.0 1
402 405 0.0 1
402 416 0.0 1
402 417 0.0 1
402 894 0.0 1
403 401 0.0 1
403 402 0.0 1
403 277 0.0 1
403 278 0.0 1
403 404 0.0 1
403 405 0.0 1
403 595 0.0 1
404 401 0.0 1
404 402 0.0 1
404 277 0.0 1
404 403 0.0 1
404 278 0.0 1
404 405 0.0 1
405 401 0.0 1
405 402 0.0 1
405 277 0.0 1
405 403 0.0 1
405 278 0.0 1
405 404 0.0 1
406 166 0.0 1
409 408 0.0 1
409 410 0.0 1
409 411 0.0 1
409 412 0.0 1
408 409 0.0 1
408 410 0.0 1
408 411 0.0 1
408 412 0.0 1
408 413 0.0 1
410 408 0.0 1
410 409 0.0 1
410 411 0.0 1
410 412 0.0 1
410 413 0.0 1
411 408 0.0 1
411 409 0.0 1
411 410 0.0 1
411 412 0.0 1
412 408 0.0 1
412 409 0.0 1
412 410 0.0 1
412 411 0.0 1
412 413 0.0 1
413 408 0.0 1
413 410 0.0 1
413 412 0.0 1
415 414 0.0 1
415 247 0.0 1
415 922 0.0 1
415 1124 0.0 1
415 1125 0.0 1
415 1233 0.0 1
415 1234 0.0 1
414 415 0.0 1
416 402 0.0 1
416 327 0.0 1
416 328 0.0 1
416 596 0.0 1
416 1404 0.0 1
416 1405 0.0 1
416 1406 0.0 1
416 1407 0.0 1
416 1408 0.0 1
417 402 0.0 1
417 327 0.0 1
419 418 0.0 1
418 419 0.0 1
421 319 0.0 1
423 422 0.0 1
423 424 0.0 1
422 423 0.0 1
422 424 0.0 1
424 422 0.0 1
424 423 0.0 1
426 425 0.0 1
426 427 0.0 1
425 426 0.0 1
425 427 0.0 1
427 425 0.0 1
427 426 0.0 1
428 46 0.0 1
428 429 0.0 1
428 1361 0.0 1
428 1362 0.0 1
429 428 0.0 1
431 430 0.0 1
430 431 0.0 1
430 432 0.0 1
432 430 0.0 1
434 433 0.0 1
433 434 0.0 1
435 245 0.0 1
435 244 0.0 1
437 436 0.0 1
437 438 0.0 1
436 437 0.0 1
436 438 0.0 1
438 436 0.0 1
438 437 0.0 1
439 118 0.0 1
439 440 0.0 1
439 441 0.0 1
440 439 0.0 1
441 439 0.0 1
441 118 0.0 1
443 442 0.0 1
443 72 0.0 1
443 675 0.0 1
443 676 0.0 1
443 738 0.0 1
443 739 0.0 1
442 443 0.0 1
445 444 0.0 1
445 699 0.0 1
444 445 0.0 1
447 446 0.0 1
447 448 0.0 1
447 449 0.0 1
446 447 0.0 1
446 448 0.0 1
446 449 0.0 1
448 446 0.0 1
448 447 0.0 1
448 449 0.0 1
449 446 0.0 1
449 447 0.0 1
449 448 0.0 1
450 282 0.0 1
453 452 0.0 1
453 454 0.0 1
453 455 0.0 1
453 456 0.0 1
453 457 0.0 1
453 458 0.0 1
453 459 0.0 1
452 453 0.0 1
452 454 0.0 1
452 455 0.0 1
452 456 0.0 1
452 457 0.0 1
452 458 0.0 1
452 459 0.0 1
454 452 0.0 1
454 453 0.0 1
454 455 0.0 1
454 456 0.0 1
454 457 0.0 1
454 458 0.0 1
454 459 0.0 1
455 452 0.0 1
455 453 0.0 1
455 454 0.0 1
455 456 0.0 1
455 457 0.0 1
455 458 0.0 1
455 459 0.0 1
456 452 0.0 1
456 453 0.0 1
456 454 0.0 1
456 455 0.0 1
456 457 0.0 1
456 458 0.0 1
456 459 0.0 1
457 452 0.0 1
457 453 0.0 1
457 454 0.0 1
457 455 0.0 1
457 456 0.0 1
457 458 0.0 1
457 459 0.0 1
458 452 0.0 1
458 453 0.0 1
458 454 0.0 1
458 455 0.0 1
458 456 0.0 1
458 457 0.0 1
458 459 0.0 1
459 452 0.0 1
459 453 0.0 1
459 454 0.0 1
459 455 0.0 1
459 456 0.0 1
459 457 0.0 1
459 458 0.0 1
461 460 0.0 1
461 462 0.0 1
461 463 0.0 1
460 461 0.0 1
460 462 0.0 1
460 463 0.0 1
462 460 0.0 1
462 461 0.0 1
462 463 0.0 1
463 460 0.0 1
463 461 0.0 1
463 462 0.0 1
463 301 0.0 1
463 638 0.0 1
464 33 0.0 1
464 465 0.0 1
464 466 0.0 1
465 464 0.0 1
465 466 0.0 1
466 464 0.0 1
466 465 0.0 1
468 467 0.0 1
468 469 0.0 1
468 470 0.0 1
468 471 0.0 1
467 468 0.0 1
467 469 0.0 1
467 470 0.0 1
467 471 0.0 1
469 467 0.0 1
469 468 0.0 1
469 470 0.0 1
469 471 0.0 1
470 467 0.0 1
470 468 0.0 1
470 469 0.0 1
470 471 0.0 1
471 467 0.0 1
471 468 0.0 1
471 469 0.0 1
471 470 0.0 1
473 472 0.0 1
473 222 0.0 1
473 219 0.0 1
473 474 0.0 1
473 984 0.0 1
473 985 0.0 1
473 1091 0.0 1
473 1092 0.0 1
472 473 0.0 1
472 474 0.0 1
472 984 0.0 1
472 1091 0.0 1
474 472 0.0 1
474 473 0.0 1
476 475 0.0 1
475 476 0.0 1
475 477 0.0 1
475 478 0.0 1
477 475 0.0 1
477 478 0.0 1
478 475 0.0 1
478 477 0.0 1
478 940 0.0 1
480 479 0.0 1
480 481 0.0 1
480 482 0.0 1
479 480 0.0 1
479 481 0.0 1
479 482 0.0 1
481 479 0.0 1
481 480 0.0 1
481 482 0.0 1
481 1235 0.0 1
481 1236 0.0 1
481 1250 0.0 1
481 1251 0.0 1
482 479 0.0 1
482 480 0.0 1
482 481 0.0 1
482 1046 0.0 1
482 1244 0.0 1
482 1245 0.0 1
482 1246 0.0 1
482 1247 0.0 1
482 1455 0.0 1
484 483 0.0 1
483 484 0.0 1
485 33 0.0 1
487 486 0.0 1
486 487 0.0 1
488 33 0.0 1
488 54 0.0 1
488 489 0.0 1
489 488 0.0 1
489 33 0.0 1
489 54 0.0 1
490 309 0.0 1
490 78 0.0 1
490 491 0.0 1
490 492 0.0 1
490 493 0.0 1
491 490 0.0 1
491 309 0.0 1
492 490 0.0 1
493 490 0.0 1
493 309 0.0 1
495 494 0.0 1
495 496 0.0 1
494 495 0.0 1
494 496 0.0 1
496 494 0.0 1
496 495 0.0 1
496 780 0.0 1
496 781 0.0 1
496 1409 0.0 1
496 1410 0.0 1
498 497 0.0 1
497 498 0.0 1
499 303 0.0 1
500 150 0.0 1
500 501 0.0 1
500 502 0.0 1
500 503 0.0 1
500 1221 0.0 1
501 500 0.0 1
501 502 0.0 1
502 500 0.0 1
502 501 0.0 1
502 503 0.0 1
503 500 0.0 1
503 502 0.0 1
506 505 0.0 1
505 506 0.0 1
507 190 0.0 1
507 33 0.0 1
507 508 0.0 1
507 509 0.0 1
508 507 0.0 1
508 190 0.0 1
508 33 0.0 1
508 509 0.0 1
509 507 0.0 1
509 508 0.0 1
509 190 0.0 1
509 33 0.0 1
512 511 0.0 1
511 512 0.0 1
513 245 0.0 1
513 244 0.0 1
515 514 0.0 1
515 516 0.0 1
515 517 0.0 1
515 674 0.0 1
514 515 0.0 1
514 516 0.0 1
514 517 0.0 1
516 514 0.0 1
516 515 0.0 1
516 346 0.0 1
516 216 0.0 1
516 151 0.0 1
516 150 0.0 1
516 225 0.0 1
516 517 0.0 1
516 674 0.0 1
516 788 0.0 1
516 1086 0.0 1
516 1087 0.0 1
516 1088 0.0 1
516 1089 0.0 1
517 514 0.0 1
517 515 0.0 1
517 516 0.0 1
517 151 0.0 1
517 150 0.0 1
517 225 0.0 1
517 127 0.0 1
517 152 0.0 1
517 963 0.0 1
517 964 0.0 1
517 1341 0.0 1
517 1460 0.0 1
519 518 0.0 1
518 519 0.0 1
521 520 0.0 1
520 521 0.0 1
522 76 0.0 1
522 523 0.0 1
522 524 0.0 1
522 525 0.0 1
522 526 0.0 1
522 527 0.0 1
522 1381 0.0 1
522 1588 0.0 1
523 522 0.0 1
523 524 0.0 1
523 525 0.0 1
523 526 0.0 1
523 742 0.0 1
523 746 0.0 1
523 1356 0.0 1
524 522 0.0 1
524 523 0.0 1
524 525 0.0 1
524 526 0.0 1
524 1322 0.0 1
525 522 0.0 1
525 523 0.0 1
525 524 0.0 1
525 526 0.0 1
526 522 0.0 1
526 523 0.0 1
526 524 0.0 1
526 525 0.0 1
527 522 0.0 1
529 528 0.0 1
528 529 0.0 1
531 530 0.0 1
531 532 0.0 1
531 533 0.0 1
531 1533 0.0 1
531 1534 0.0 1
531 1535 0.0 1
530 531 0.0 1
530 532 0.0 1
530 533 0.0 1
530 1533 0.0 1
530 1534 0.0 1
530 1535 0.0 1
532 530 0.0 1
532 531 0.0 1
532 533 0.0 1
532 1533 0.0 1
532 1534 0.0 1
532 1535 0.0 1
533 530 0.0 1
533 531 0.0 1
533 532 0.0 1
535 534 0.0 1
534 535 0.0 1
538 537 0.0 1
538 539 0.0 1
537 538 0.0 1
537 539 0.0 1
537 540 0.0 1
537 541 0.0 1
537 542 0.0 1
537 689 0.0 1
537 690 0.0 1
539 537 0.0 1
539 538 0.0 1
539 689 0.0 1
539 690 0.0 1
540 537 0.0 1
540 541 0.0 1
540 542 0.0 1
541 537 0.0 1
541 540 0.0 1
541 542 0.0 1
542 537 0.0 1
542 540 0.0 1
542 541 0.0 1
545 544 0.0 1
544 545 0.0 1
547 546 0.0 1
547 55 0.0 1
547 56 0.0 1
547 329 0.0 1
547 1239 0.0 1
547 1389 0.0 1
546 547 0.0 1
548 121 0.0 1
548 549 0.0 1
548 550 0.0 1
549 548 0.0 1
549 121 0.0 1
549 550 0.0 1
550 548 0.0 1
550 549 0.0 1
550 121 0.0 1
550 1030 0.0 1
553 552 0.0 1
553 554 0.0 1
552 553 0.0 1
552 554 0.0 1
554 552 0.0 1
554 553 0.0 1
557 556 0.0 1
557 558 0.0 1
556 557 0.0 1
556 558 0.0 1
558 556 0.0 1
558 557 0.0 1
560 559 0.0 1
559 560 0.0 1
561 33 0.0 1
561 53 0.0 1
561 34 0.0 1
561 133 0.0 1
561 54 0.0 1
561 132 0.0 1
561 134 0.0 1
561 562 0.0 1
562 561 0.0 1
562 33 0.0 1
562 53 0.0 1
562 34 0.0 1
562 133 0.0 1
562 54 0.0 1
562 132 0.0 1
562 134 0.0 1
563 82 0.0 1
563 564 0.0 1
563 565 0.0 1
563 566 0.0 1
564 563 0.0 1
564 565 0.0 1
564 566 0.0 1
565 563 0.0 1
565 564 0.0 1
565 566 0.0 1
566 563 0.0 1
566 564 0.0 1
566 565 0.0 1
567 189 0.0 1
567 650 0.0 1
567 651 0.0 1
569 568 0.0 1
568 569 0.0 1
571 570 0.0 1
570 571 0.0 1
573 572 0.0 1
572 573 0.0 1
574 281 0.0 1
574 283 0.0 1
574 575 0.0 1
574 576 0.0 1
575 574 0.0 1
575 281 0.0 1
576 574 0.0 1
576 281 0.0 1
578 577 0.0 1
577 578 0.0 1
581 580 0.0 1
581 582 0.0 1
580 581 0.0 1
580 582 0.0 1
582 580 0.0 1
582 581 0.0 1
584 583 0.0 1
583 584 0.0 1
585 136 0.0 1
585 586 0.0 1
585 587 0.0 1
586 585 0.0 1
586 136 0.0 1
586 587 0.0 1
587 585 0.0 1
587 586 0.0 1
587 136 0.0 1
587 729 0.0 1
590 589 0.0 1
590 307 0.0 1
590 591 0.0 1
590 592 0.0 1
590 1180 0.0 1
590 1181 0.0 1
589 590 0.0 1
589 591 0.0 1
589 592 0.0 1
589 1180 0.0 1
589 1181 0.0 1
591 589 0.0 1
591 590 0.0 1
591 592 0.0 1
591 1180 0.0 1
591 1181 0.0 1
592 589 0.0 1
592 590 0.0 1
592 591 0.0 1
594 593 0.0 1
593 594 0.0 1
595 277 0.0 1
595 403 0.0 1
595 278 0.0 1
596 327 0.0 1
596 416 0.0 1
596 46 0.0 1
598 597 0.0 1
597 598 0.0 1
597 789 0.0 1
597 790 0.0 1
600 599 0.0 1
599 600 0.0 1
603 602 0.0 1
602 603 0.0 1
606 275 0.0 1
606 607 0.0 1
606 608 0.0 1
607 275 0.0 1
607 606 0.0 1
607 608 0.0 1
608 275 0.0 1
608 606 0.0 1
608 607 0.0 1
609 45 0.0 1
609 610 0.0 1
609 611 0.0 1
609 612 0.0 1
610 609 0.0 1
610 45 0.0 1
611 609 0.0 1
611 45 0.0 1
611 612 0.0 1
612 609 0.0 1
612 45 0.0 1
612 611 0.0 1
615 614 0.0 1
614 615 0.0 1
617 616 0.0 1
616 617 0.0 1
619 618 0.0 1
619 620 0.0 1
618 619 0.0 1
618 620 0.0 1
620 618 0.0 1
620 619 0.0 1
622 621 0.0 1
621 622 0.0 1
624 623 0.0 1
623 624 0.0 1
626 625 0.0 1
626 627 0.0 1
626 628 0.0 1
625 626 0.0 1
625 627 0.0 1
625 628 0.0 1
627 625 0.0 1
627 626 0.0 1
627 628 0.0 1
628 625 0.0 1
628 626 0.0 1
628 627 0.0 1
630 629 0.0 1
630 631 0.0 1
630 1579 0.0 1
629 630 0.0 1
629 631 0.0 1
631 629 0.0 1
631 630 0.0 1
631 337 0.0 1
631 783 0.0 1
631 784 0.0 1
631 1570 0.0 1
631 1571 0.0 1
631 1572 0.0 1
631 1573 0.0 1
631 1574 0.0 1
631 1579 0.0 1
633 632 0.0 1
632 633 0.0 1
636 635 0.0 1
636 637 0.0 1
635 636 0.0 1
635 637 0.0 1
637 635 0.0 1
637 636 0.0 1
638 162 0.0 1
638 316 0.0 1
638 301 0.0 1
638 463 0.0 1
638 639 0.0 1
638 640 0.0 1
639 638 0.0 1
639 162 0.0 1
639 316 0.0 1
639 301 0.0 1
640 638 0.0 1
641 78 0.0 1
643 642 0.0 1
642 643 0.0 1
642 712 0.0 1
642 713 0.0 1
646 78 0.0 1
646 853 0.0 1
648 647 0.0 1
647 648 0.0 1
650 189 0.0 1
650 567 0.0 1
650 651 0.0 1
651 650 0.0 1
651 189 0.0 1
651 567 0.0 1
652 34 0.0 1
652 653 0.0 1
652 654 0.0 1
652 655 0.0 1
652 656 0.0 1
652 657 0.0 1
652 893 0.0 1
653 652 0.0 1
653 654 0.0 1
653 655 0.0 1
654 652 0.0 1
654 653 0.0 1
654 34 0.0 1
654 55 0.0 1
654 56 0.0 1
654 655 0.0 1
654 656 0.0 1
654 657 0.0 1
654 774 0.0 1
654 863 0.0 1
654 864 0.0 1
654 865 0.0 1
654 893 0.0 1
654 1130 0.0 1
655 652 0.0 1
655 653 0.0 1
655 654 0.0 1
655 34 0.0 1
655 656 0.0 1
655 657 0.0 1
655 893 0.0 1
656 652 0.0 1
656 654 0.0 1
656 655 0.0 1
657 652 0.0 1
657 34 0.0 1
657 654 0.0 1
657 655 0.0 1
657 774 0.0 1
657 1130 0.0 1
659 658 0.0 1
659 660 0.0 1
659 661 0.0 1
658 659 0.0 1
658 660 0.0 1
658 661 0.0 1
660 658 0.0 1
660 659 0.0 1
660 661 0.0 1
661 658 0.0 1
661 659 0.0 1
661 660 0.0 1
663 662 0.0 1
663 664 0.0 1
663 665 0.0 1
663 666 0.0 1
663 677 0.0 1
662 663 0.0 1
662 664 0.0 1
662 665 0.0 1
662 666 0.0 1
662 677 0.0 1
662 792 0.0 1
662 793 0.0 1
662 794 0.0 1
664 662 0.0 1
664 663 0.0 1
664 665 0.0 1
664 666 0.0 1
665 662 0.0 1
665 663 0.0 1
665 664 0.0 1
665 666 0.0 1
666 662 0.0 1
666 663 0.0 1
666 664 0.0 1
666 665 0.0 1
668 667 0.0 1
667 668 0.0 1
670 669 0.0 1
670 721 0.0 1
669 670 0.0 1
669 671 0.0 1
671 669 0.0 1
673 672 0.0 1
672 673 0.0 1
674 515 0.0 1
674 516 0.0 1
675 443 0.0 1
675 676 0.0 1
676 675 0.0 1
676 443 0.0 1
676 1556 0.0 1
676 1557 0.0 1
676 1558 0.0 1
677 663 0.0 1
677 662 0.0 1
679 678 0.0 1
679 680 0.0 1
678 679 0.0 1
678 680 0.0 1
680 678 0.0 1
680 679 0.0 1
682 681 0.0 1
682 683 0.0 1
682 684 0.0 1
681 682 0.0 1
681 683 0.0 1
681 684 0.0 1
683 681 0.0 1
683 682 0.0 1
683 684 0.0 1
684 681 0.0 1
684 682 0.0 1
684 683 0.0 1
685 57 0.0 1
686 350 0.0 1
689 537 0.0 1
689 539 0.0 1
689 690 0.0 1
690 689 0.0 1
690 537 0.0 1
690 539 0.0 1
692 342 0.0 1
694 693 0.0 1
694 695 0.0 1
694 696 0.0 1
694 697 0.0 1
694 698 0.0 1
693 694 0.0 1
693 695 0.0 1
693 696 0.0 1
693 697 0.0 1
693 698 0.0 1
695 693 0.0 1
695 694 0.0 1
695 696 0.0 1
695 697 0.0 1
695 698 0.0 1
695 715 0.0 1
695 716 0.0 1
695 717 0.0 1
695 718 0.0 1
696 693 0.0 1
696 694 0.0 1
696 695 0.0 1
696 697 0.0 1
696 698 0.0 1
697 693 0.0 1
697 694 0.0 1
697 695 0.0 1
697 696 0.0 1
697 219 0.0 1
697 343 0.0 1
697 698 0.0 1
697 1145 0.0 1
697 1394 0.0 1
697 1395 0.0 1
697 1396 0.0 1
697 1397 0.0 1
698 693 0.0 1
698 694 0.0 1
698 695 0.0 1
698 696 0.0 1
698 697 0.0 1
699 445 0.0 1
700 96 0.0 1
700 701 0.0 1
700 702 0.0 1
701 700 0.0 1
701 96 0.0 1
701 702 0.0 1
702 700 0.0 1
702 96 0.0 1
702 701 0.0 1
705 704 0.0 1
705 706 0.0 1
705 707 0.0 1
704 705 0.0 1
704 706 0.0 1
704 707 0.0 1
706 704 0.0 1
706 705 0.0 1
706 707 0.0 1
707 704 0.0 1
707 705 0.0 1
707 706 0.0 1
708 97 0.0 1
708 94 0.0 1
708 96 0.0 1
708 99 0.0 1
709 97 0.0 1
709 69 0.0 1
709 71 0.0 1
709 72 0.0 1
709 710 0.0 1
710 97 0.0 1
710 709 0.0 1
710 69 0.0 1
711 87 0.0 1
711 88 0.0 1
712 642 0.0 1
712 713 0.0 1
713 712 0.0 1
713 642 0.0 1
715 695 0.0 1
715 716 0.0 1
715 717 0.0 1
715 718 0.0 1
716 695 0.0 1
716 715 0.0 1
716 717 0.0 1
716 718 0.0 1
717 695 0.0 1
717 715 0.0 1
717 716 0.0 1
717 718 0.0 1
718 695 0.0 1
718 715 0.0 1
718 716 0.0 1
718 717 0.0 1
720 719 0.0 1
719 720 0.0 1
719 752 0.0 1
719 753 0.0 1
721 670 0.0 1
721 1346 0.0 1
721 1454 0.0 1
724 723 0.0 1
724 725 0.0 1
724 726 0.0 1
723 724 0.0 1
723 725 0.0 1
723 726 0.0 1
725 723 0.0 1
725 724 0.0 1
725 726 0.0 1
726 723 0.0 1
726 724 0.0 1
726 725 0.0 1
729 136 0.0 1
729 587 0.0 1
731 730 0.0 1
730 731 0.0 1
733 732 0.0 1
733 734 0.0 1
732 733 0.0 1
732 734 0.0 1
734 732 0.0 1
734 733 0.0 1
736 71 0.0 1
736 737 0.0 1
737 736 0.0 1
737 71 0.0 1
738 443 0.0 1
738 72 0.0 1
739 443 0.0 1
742 293 0.0 1
742 294 0.0 1
742 523 0.0 1
742 743 0.0 1
742 744 0.0 1
742 745 0.0 1
742 746 0.0 1
742 931 0.0 1
742 932 0.0 1
742 1278 0.0 1
742 1356 0.0 1
743 742 0.0 1
743 293 0.0 1
743 294 0.0 1
743 744 0.0 1
743 931 0.0 1
743 932 0.0 1
743 1278 0.0 1
744 742 0.0 1
744 293 0.0 1
744 743 0.0 1
744 294 0.0 1
744 1278 0.0 1
744 1279 0.0 1
744 1280 0.0 1
744 1281 0.0 1
745 742 0.0 1
746 742 0.0 1
746 294 0.0 1
746 523 0.0 1
746 1028 0.0 1
746 1029 0.0 1
746 1356 0.0 1
748 747 0.0 1
747 748 0.0 1
751 750 0.0 1
750 751 0.0 1
752 719 0.0 1
752 753 0.0 1
753 752 0.0 1
753 719 0.0 1
755 754 0.0 1
754 755 0.0 1
756 34 0.0 1
756 78 0.0 1
756 757 0.0 1
756 758 0.0 1
756 759 0.0 1
756 760 0.0 1
756 761 0.0 1
756 762 0.0 1
756 763 0.0 1
756 764 0.0 1
756 765 0.0 1
756 775 0.0 1
756 892 0.0 1
756 1123 0.0 1
757 756 0.0 1
757 69 0.0 1
757 72 0.0 1
757 758 0.0 1
757 977 0.0 1
758 756 0.0 1
758 757 0.0 1
758 69 0.0 1
758 72 0.0 1
758 977 0.0 1
759 756 0.0 1
759 78 0.0 1
759 371 0.0 1
760 756 0.0 1
760 34 0.0 1
761 756 0.0 1
761 34 0.0 1
761 762 0.0 1
761 763 0.0 1
761 764 0.0 1
761 765 0.0 1
761 774 0.0 1
761 775 0.0 1
761 776 0.0 1
761 892 0.0 1
762 756 0.0 1
762 761 0.0 1
762 34 0.0 1
762 763 0.0 1
763 756 0.0 1
763 761 0.0 1
763 762 0.0 1
763 34 0.0 1
764 756 0.0 1
764 761 0.0 1
764 121 0.0 1
764 765 0.0 1
764 775 0.0 1
764 892 0.0 1
764 1255 0.0 1
765 756 0.0 1
765 764 0.0 1
765 761 0.0 1
765 121 0.0 1
765 775 0.0 1
765 892 0.0 1
765 1255 0.0 1
767 766 0.0 1
767 768 0.0 1
767 769 0.0 1
766 767 0.0 1
766 768 0.0 1
766 769 0.0 1
768 766 0.0 1
768 767 0.0 1
768 769 0.0 1
769 766 0.0 1
769 767 0.0 1
769 768 0.0 1
770 127 0.0 1
770 126 0.0 1
770 771 0.0 1
770 772 0.0 1
770 773 0.0 1
771 770 0.0 1
771 127 0.0 1
771 126 0.0 1
771 772 0.0 1
771 773 0.0 1
772 770 0.0 1
772 771 0.0 1
772 127 0.0 1
772 126 0.0 1
772 773 0.0 1
773 770 0.0 1
773 771 0.0 1
773 127 0.0 1
773 772 0.0 1
773 126 0.0 1
774 761 0.0 1
774 657 0.0 1
774 654 0.0 1
774 775 0.0 1
774 776 0.0 1
774 1130 0.0 1
775 774 0.0 1
775 761 0.0 1
775 764 0.0 1
775 756 0.0 1
775 765 0.0 1
775 776 0.0 1
775 892 0.0 1
776 774 0.0 1
776 761 0.0 1
776 775 0.0 1
778 777 0.0 1
777 778 0.0 1
780 496 0.0 1
780 781 0.0 1
781 780 0.0 1
781 496 0.0 1
783 631 0.0 1
783 784 0.0 1
783 1574 0.0 1
784 631 0.0 1
784 783 0.0 1
786 785 0.0 1
786 787 0.0 1
785 786 0.0 1
785 787 0.0 1
787 785 0.0 1
787 786 0.0 1
788 346 0.0 1
788 216 0.0 1
788 516 0.0 1
789 597 0.0 1
789 790 0.0 1
790 789 0.0 1
790 597 0.0 1
792 662 0.0 1
792 793 0.0 1
792 794 0.0 1
793 792 0.0 1
793 662 0.0 1
793 794 0.0 1
794 792 0.0 1
794 662 0.0 1
794 793 0.0 1
795 64 0.0 1
795 796 0.0 1
795 797 0.0 1
795 798 0.0 1
796 795 0.0 1
796 64 0.0 1
796 797 0.0 1
796 798 0.0 1
797 795 0.0 1
797 796 0.0 1
797 64 0.0 1
797 798 0.0 1
798 795 0.0 1
798 796 0.0 1
798 797 0.0 1
798 64 0.0 1
800 799 0.0 1
800 801 0.0 1
800 802 0.0 1
800 803 0.0 1
800 804 0.0 1
799 800 0.0 1
799 801 0.0 1
799 802 0.0 1
799 803 0.0 1
799 804 0.0 1
801 799 0.0 1
801 800 0.0 1
801 802 0.0 1
801 803 0.0 1
801 804 0.0 1
802 799 0.0 1
802 800 0.0 1
802 801 0.0 1
802 803 0.0 1
802 804 0.0 1
803 799 0.0 1
803 800 0.0 1
803 801 0.0 1
803 802 0.0 1
803 804 0.0 1
804 799 0.0 1
804 800 0.0 1
804 801 0.0 1
804 802 0.0 1
804 803 0.0 1
805 62 0.0 1
805 362 0.0 1
805 806 0.0 1
805 807 0.0 1
805 808 0.0 1
805 1070 0.0 1
805 1071 0.0 1
805 1072 0.0 1
805 1073 0.0 1
806 805 0.0 1
806 62 0.0 1
806 362 0.0 1
806 807 0.0 1
806 808 0.0 1
806 1016 0.0 1
806 1070 0.0 1
806 1071 0.0 1
806 1072 0.0 1
806 1073 0.0 1
807 805 0.0 1
807 806 0.0 1
807 62 0.0 1
807 362 0.0 1
807 808 0.0 1
807 1070 0.0 1
807 1071 0.0 1
807 1072 0.0 1
807 1073 0.0 1
808 805 0.0 1
808 806 0.0 1
808 807 0.0 1
808 62 0.0 1
810 809 0.0 1
809 810 0.0 1
813 812 0.0 1
812 813 0.0 1
815 814 0.0 1
815 816 0.0 1
814 815 0.0 1
814 816 0.0 1
816 814 0.0 1
816 815 0.0 1
818 817 0.0 1
817 818 0.0 1
820 819 0.0 1
820 1170 0.0 1
819 820 0.0 1
822 821 0.0 1
822 823 0.0 1
822 824 0.0 1
821 822 0.0 1
821 823 0.0 1
821 824 0.0 1
823 821 0.0 1
823 822 0.0 1
823 824 0.0 1
824 821 0.0 1
824 822 0.0 1
824 823 0.0 1
826 825 0.0 1
826 827 0.0 1
826 828 0.0 1
826 829 0.0 1
826 830 0.0 1
826 831 0.0 1
826 832 0.0 1
826 833 0.0 1
826 834 0.0 1
825 826 0.0 1
825 827 0.0 1
825 828 0.0 1
825 829 0.0 1
825 830 0.0 1
825 831 0.0 1
825 832 0.0 1
825 833 0.0 1
825 834 0.0 1
827 825 0.0 1
827 826 0.0 1
827 828 0.0 1
827 829 0.0 1
827 830 0.0 1
827 831 0.0 1
827 832 0.0 1
827 833 0.0 1
827 834 0.0 1
828 825 0.0 1
828 826 0.0 1
828 827 0.0 1
828 829 0.0 1
828 830 0.0 1
828 831 0.0 1
828 832 0.0 1
828 833 0.0 1
828 834 0.0 1
829 825 0.0 1
829 826 0.0 1
829 827 0.0 1
829 828 0.0 1
829 830 0.0 1
829 831 0.0 1
829 832 0.0 1
829 833 0.0 1
829 834 0.0 1
830 825 0.0 1
830 826 0.0 1
830 827 0.0 1
830 828 0.0 1
830 829 0.0 1
830 831 0.0 1
830 832 0.0 1
830 833 0.0 1
830 834 0.0 1
831 825 0.0 1
831 826 0.0 1
831 827 0.0 1
831 828 0.0 1
831 829 0.0 1
831 830 0.0 1
831 832 0.0 1
831 833 0.0 1
831 834 0.0 1
832 825 0.0 1
832 826 0.0 1
832 827 0.0 1
832 828 0.0 1
832 829 0.0 1
832 830 0.0 1
832 831 0.0 1
832 833 0.0 1
832 834 0.0 1
833 825 0.0 1
833 826 0.0 1
833 827 0.0 1
833 828 0.0 1
833 829 0.0 1
833 830 0.0 1
833 831 0.0 1
833 832 0.0 1
833 834 0.0 1
834 825 0.0 1
834 826 0.0 1
834 827 0.0 1
834 828 0.0 1
834 829 0.0 1
834 830 0.0 1
834 831 0.0 1
834 832 0.0 1
834 833 0.0 1
836 835 0.0 1
836 837 0.0 1
835 836 0.0 1
835 837 0.0 1
837 835 0.0 1
837 836 0.0 1
839 34 0.0 1
839 33 0.0 1
839 54 0.0 1
840 34 0.0 1
840 30 0.0 1
840 54 0.0 1
840 33 0.0 1
840 1190 0.0 1
840 1191 0.0 1
842 841 0.0 1
842 843 0.0 1
841 842 0.0 1
841 843 0.0 1
843 841 0.0 1
843 842 0.0 1
843 1273 0.0 1
843 1274 0.0 1
843 1275 0.0 1
843 1276 0.0 1
843 1536 0.0 1
845 844 0.0 1
845 846 0.0 1
845 847 0.0 1
844 845 0.0 1
844 846 0.0 1
844 847 0.0 1
846 844 0.0 1
846 845 0.0 1
846 847 0.0 1
847 844 0.0 1
847 845 0.0 1
847 846 0.0 1
849 848 0.0 1
848 849 0.0 1
851 850 0.0 1
851 852 0.0 1
850 851 0.0 1
850 852 0.0 1
852 850 0.0 1
852 851 0.0 1
853 646 0.0 1
853 78 0.0 1
856 855 0.0 1
856 857 0.0 1
855 856 0.0 1
855 857 0.0 1
857 855 0.0 1
857 856 0.0 1
859 106 0.0 1
860 294 0.0 1
860 861 0.0 1
860 862 0.0 1
860 1464 0.0 1
860 1465 0.0 1
860 1466 0.0 1
860 1467 0.0 1
861 860 0.0 1
861 862 0.0 1
862 860 0.0 1
862 861 0.0 1
863 654 0.0 1
863 864 0.0 1
864 863 0.0 1
864 654 0.0 1
865 654 0.0 1
865 34 0.0 1
866 371 0.0 1
866 867 0.0 1
867 866 0.0 1
867 371 0.0 1
871 870 0.0 1
871 872 0.0 1
871 873 0.0 1
871 874 0.0 1
870 871 0.0 1
870 872 0.0 1
870 873 0.0 1
870 874 0.0 1
872 870 0.0 1
872 871 0.0 1
872 873 0.0 1
872 874 0.0 1
872 1268 0.0 1
873 870 0.0 1
873 871 0.0 1
873 872 0.0 1
873 874 0.0 1
874 870 0.0 1
874 871 0.0 1
874 872 0.0 1
874 873 0.0 1
878 877 0.0 1
878 879 0.0 1
878 880 0.0 1
878 881 0.0 1
877 878 0.0 1
877 879 0.0 1
877 880 0.0 1
877 881 0.0 1
879 877 0.0 1
879 878 0.0 1
879 880 0.0 1
879 881 0.0 1
880 877 0.0 1
880 878 0.0 1
880 879 0.0 1
880 881 0.0 1
881 877 0.0 1
881 878 0.0 1
881 879 0.0 1
881 880 0.0 1
884 883 0.0 1
884 885 0.0 1
883 884 0.0 1
883 885 0.0 1
885 883 0.0 1
885 884 0.0 1
887 886 0.0 1
886 887 0.0 1
889 888 0.0 1
889 890 0.0 1
888 889 0.0 1
888 890 0.0 1
890 888 0.0 1
890 889 0.0 1
892 761 0.0 1
892 764 0.0 1
892 756 0.0 1
892 765 0.0 1
892 775 0.0 1
893 652 0.0 1
893 654 0.0 1
893 655 0.0 1
893 55 0.0 1
893 56 0.0 1
894 402 0.0 1
894 30 0.0 1
894 327 0.0 1
896 895 0.0 1
896 897 0.0 1
896 898 0.0 1
896 899 0.0 1
895 896 0.0 1
895 897 0.0 1
895 898 0.0 1
895 899 0.0 1
897 895 0.0 1
897 896 0.0 1
897 898 0.0 1
897 899 0.0 1
898 895 0.0 1
898 896 0.0 1
898 897 0.0 1
898 899 0.0 1
899 895 0.0 1
899 896 0.0 1
899 897 0.0 1
899 898 0.0 1
901 900 0.0 1
901 902 0.0 1
900 901 0.0 1
900 902 0.0 1
900 1318 0.0 1
902 900 0.0 1
902 901 0.0 1
904 903 0.0 1
904 905 0.0 1
903 904 0.0 1
903 905 0.0 1
905 903 0.0 1
905 904 0.0 1
907 906 0.0 1
906 907 0.0 1
908 307 0.0 1
908 265 0.0 1
908 266 0.0 1
908 268 0.0 1
910 909 0.0 1
910 911 0.0 1
909 910 0.0 1
909 911 0.0 1
911 909 0.0 1
911 910 0.0 1
913 912 0.0 1
913 914 0.0 1
913 915 0.0 1
913 916 0.0 1
913 917 0.0 1
913 1000 0.0 1
913 1201 0.0 1
913 1202 0.0 1
913 1203 0.0 1
913 1204 0.0 1
913 1205 0.0 1
913 1206 0.0 1
913 1207 0.0 1
913 1208 0.0 1
912 913 0.0 1
912 914 0.0 1
912 915 0.0 1
912 916 0.0 1
912 917 0.0 1
914 912 0.0 1
914 913 0.0 1
914 915 0.0 1
914 916 0.0 1
914 917 0.0 1
914 1201 0.0 1
914 1206 0.0 1
914 1207 0.0 1
914 1208 0.0 1
915 912 0.0 1
915 913 0.0 1
915 914 0.0 1
915 916 0.0 1
915 917 0.0 1
915 1201 0.0 1
915 1206 0.0 1
915 1207 0.0 1
915 1208 0.0 1
916 912 0.0 1
916 913 0.0 1
916 914 0.0 1
916 915 0.0 1
916 917 0.0 1
916 1000 0.0 1
916 1201 0.0 1
916 1202 0.0 1
916 1203 0.0 1
916 1204 0.0 1
916 1205 0.0 1
916 1206 0.0 1
916 1207 0.0 1
916 1208 0.0 1
916 1256 0.0 1
916 1257 0.0 1
917 912 0.0 1
917 913 0.0 1
917 914 0.0 1
917 915 0.0 1
917 916 0.0 1
918 171 0.0 1
921 920 0.0 1
920 921 0.0 1
922 415 0.0 1
924 923 0.0 1
924 925 0.0 1
923 924 0.0 1
923 925 0.0 1
925 923 0.0 1
925 924 0.0 1
926 177 0.0 1
927 243 0.0 1
927 1518 0.0 1
927 1519 0.0 1
927 1520 0.0 1
930 929 0.0 1
930 1418 0.0 1
929 930 0.0 1
931 742 0.0 1
931 293 0.0 1
931 743 0.0 1
931 294 0.0 1
931 932 0.0 1
931 933 0.0 1
931 1175 0.0 1
931 1176 0.0 1
931 1356 0.0 1
931 1368 0.0 1
931 1369 0.0 1
932 931 0.0 1
932 742 0.0 1
932 293 0.0 1
932 743 0.0 1
932 294 0.0 1
932 1368 0.0 1
932 1369 0.0 1
933 931 0.0 1
934 55 0.0 1
934 56 0.0 1
935 117 0.0 1
935 936 0.0 1
935 937 0.0 1
935 938 0.0 1
936 935 0.0 1
936 117 0.0 1
936 937 0.0 1
936 938 0.0 1
937 935 0.0 1
937 936 0.0 1
937 117 0.0 1
937 938 0.0 1
938 935 0.0 1
938 936 0.0 1
938 937 0.0 1
938 117 0.0 1
940 478 0.0 1
942 941 0.0 1
942 943 0.0 1
941 942 0.0 1
941 943 0.0 1
943 941 0.0 1
943 942 0.0 1
944 263 0.0 1
944 265 0.0 1
944 266 0.0 1
944 268 0.0 1
944 945 0.0 1
945 263 0.0 1
945 265 0.0 1
945 266 0.0 1
945 944 0.0 1
945 268 0.0 1
946 1 0.0 1
948 947 0.0 1
947 948 0.0 1
947 1271 0.0 1
947 1272 0.0 1
950 949 0.0 1
949 950 0.0 1
952 951 0.0 1
952 953 0.0 1
952 954 0.0 1
951 952 0.0 1
951 953 0.0 1
951 954 0.0 1
953 951 0.0 1
953 952 0.0 1
953 954 0.0 1
954 951 0.0 1
954 953 0.0 1
954 952 0.0 1
955 194 0.0 1
955 956 0.0 1
956 955 0.0 1
956 194 0.0 1
956 1135 0.0 1
956 1136 0.0 1
956 1137 0.0 1
956 1138 0.0 1
958 957 0.0 1
958 959 0.0 1
957 958 0.0 1
957 959 0.0 1
959 957 0.0 1
959 958 0.0 1
961 960 0.0 1
961 962 0.0 1
960 961 0.0 1
960 962 0.0 1
962 960 0.0 1
962 961 0.0 1
963 517 0.0 1
963 151 0.0 1
963 964 0.0 1
964 963 0.0 1
964 517 0.0 1
964 151 0.0 1
966 965 0.0 1
966 967 0.0 1
966 968 0.0 1
966 969 0.0 1
966 970 0.0 1
965 966 0.0 1
965 967 0.0 1
965 968 0.0 1
965 969 0.0 1
965 970 0.0 1
967 965 0.0 1
967 966 0.0 1
967 968 0.0 1
967 969 0.0 1
967 970 0.0 1
968 965 0.0 1
968 966 0.0 1
968 967 0.0 1
968 969 0.0 1
968 970 0.0 1
969 965 0.0 1
969 966 0.0 1
969 967 0.0 1
969 968 0.0 1
969 970 0.0 1
970 965 0.0 1
970 966 0.0 1
970 967 0.0 1
970 968 0.0 1
970 969 0.0 1
973 972 0.0 1
973 300 0.0 1
973 989 0.0 1
973 1002 0.0 1
973 1003 0.0 1
973 1004 0.0 1
972 973 0.0 1
975 974 0.0 1
975 976 0.0 1
974 975 0.0 1
974 976 0.0 1
976 974 0.0 1
976 975 0.0 1
976 88 0.0 1
976 1129 0.0 1
977 758 0.0 1
977 757 0.0 1
977 69 0.0 1
977 72 0.0 1
979 978 0.0 1
978 979 0.0 1
981 980 0.0 1
981 982 0.0 1
980 981 0.0 1
980 982 0.0 1
982 980 0.0 1
982 981 0.0 1
984 983 0.0 1
984 473 0.0 1
984 472 0.0 1
984 985 0.0 1
984 986 0.0 1
984 1091 0.0 1
984 1092 0.0 1
983 984 0.0 1
983 985 0.0 1
983 986 0.0 1
985 983 0.0 1
985 984 0.0 1
985 473 0.0 1
985 1092 0.0 1
986 983 0.0 1
986 984 0.0 1
988 987 0.0 1
987 988 0.0 1
989 973 0.0 1
991 88 0.0 1
993 992 0.0 1
992 993 0.0 1
995 994 0.0 1
995 996 0.0 1
995 997 0.0 1
995 998 0.0 1
994 995 0.0 1
994 996 0.0 1
994 997 0.0 1
994 998 0.0 1
996 994 0.0 1
996 995 0.0 1
996 997 0.0 1
996 998 0.0 1
997 994 0.0 1
997 995 0.0 1
997 996 0.0 1
997 998 0.0 1
998 994 0.0 1
998 995 0.0 1
998 996 0.0 1
998 997 0.0 1
1000 999 0.0 1
1000 913 0.0 1
1000 916 0.0 1
1000 255 0.0 1
1000 254 0.0 1
1000 1201 0.0 1
1000 1202 0.0 1
1000 1203 0.0 1
1000 1204 0.0 1
1000 1205 0.0 1
1000 1504 0.0 1
1000 1514 0.0 1
999 1000 0.0 1
1002 973 0.0 1
1002 1003 0.0 1
1002 1004 0.0 1
1003 1002 0.0 1
1003 973 0.0 1
1003 1004 0.0 1
1004 1002 0.0 1
1004 1003 0.0 1
1004 973 0.0 1
1005 78 0.0 1
1007 1006 0.0 1
1006 1007 0.0 1
1008 51 0.0 1
1008 33 0.0 1
1010 1009 0.0 1
1010 1045 0.0 1
1009 1010 0.0 1
1012 1011 0.0 1
1011 1012 0.0 1
1014 1013 0.0 1
1013 1014 0.0 1
1016 62 0.0 1
1016 806 0.0 1
1016 1071 0.0 1
1018 1017 0.0 1
1018 1303 0.0 1
1018 1304 0.0 1
1018 1305 0.0 1
1018 1306 0.0 1
1018 1307 0.0 1
1018 1308 0.0 1
1018 1309 0.0 1
1017 1018 0.0 1
1017 1306 0.0 1
1017 1307 0.0 1
1017 1308 0.0 1
1017 1309 0.0 1
1021 127 0.0 1
1021 128 0.0 1
1021 1022 0.0 1
1021 1023 0.0 1
1022 127 0.0 1
1022 128 0.0 1
1022 1021 0.0 1
1022 1023 0.0 1
1023 127 0.0 1
1023 128 0.0 1
1023 1021 0.0 1
1023 1022 0.0 1
1024 53 0.0 1
1024 1025 0.0 1
1025 1024 0.0 1
1025 53 0.0 1
1026 303 0.0 1
1026 1027 0.0 1
1026 1416 0.0 1
1026 1417 0.0 1
1027 1026 0.0 1
1028 746 0.0 1
1028 294 0.0 1
1028 1029 0.0 1
1029 1028 0.0 1
1029 746 0.0 1
1029 294 0.0 1
1030 550 0.0 1
1030 121 0.0 1
1032 1031 0.0 1
1031 1032 0.0 1
1034 1033 0.0 1
1033 1034 0.0 1
1036 1035 0.0 1
1035 1036 0.0 1
1035 1037 0.0 1
1035 1038 0.0 1
1037 1035 0.0 1
1037 1038 0.0 1
1038 1035 0.0 1
1038 1037 0.0 1
1039 308 0.0 1
1039 1040 0.0 1
1040 1039 0.0 1
1040 308 0.0 1
1041 224 0.0 1
1041 218 0.0 1
1041 216 0.0 1
1043 1042 0.0 1
1043 1044 0.0 1
1042 1043 0.0 1
1042 1044 0.0 1
1044 1042 0.0 1
1044 1043 0.0 1
1045 1010 0.0 1
1046 482 0.0 1
1047 12 0.0 1
1047 1048 0.0 1
1047 1049 0.0 1
1047 1050 0.0 1
1048 1047 0.0 1
1048 12 0.0 1
1048 1049 0.0 1
1048 1050 0.0 1
1049 1047 0.0 1
1049 1048 0.0 1
1049 12 0.0 1
1049 1050 0.0 1
1050 1047 0.0 1
1050 1048 0.0 1
1050 1049 0.0 1
1050 12 0.0 1
1053 1052 0.0 1
1052 1053 0.0 1
1055 1054 0.0 1
1054 1055 0.0 1
1054 1056 0.0 1
1054 1057 0.0 1
1054 1058 0.0 1
1056 1054 0.0 1
1056 1057 0.0 1
1056 1058 0.0 1
1057 1054 0.0 1
1057 1056 0.0 1
1057 1058 0.0 1
1058 1054 0.0 1
1058 1056 0.0 1
1058 1057 0.0 1
1061 1060 0.0 1
1061 1062 0.0 1
1061 1063 0.0 1
1061 1064 0.0 1
1061 1065 0.0 1
1061 1066 0.0 1
1061 1067 0.0 1
1061 1068 0.0 1
1061 1069 0.0 1
1060 1061 0.0 1
1060 1062 0.0 1
1060 1063 0.0 1
1060 1064 0.0 1
1060 1065 0.0 1
1060 1066 0.0 1
1060 1067 0.0 1
1060 1068 0.0 1
1060 1069 0.0 1
1060 1412 0.0 1
1062 1060 0.0 1
1062 1061 0.0 1
1062 1063 0.0 1
1062 1064 0.0 1
1062 1065 0.0 1
1062 1066 0.0 1
1062 1067 0.0 1
1062 1068 0.0 1
1062 1069 0.0 1
1063 1060 0.0 1
1063 1061 0.0 1
1063 1062 0.0 1
1063 1064 0.0 1
1063 1065 0.0 1
1063 1066 0.0 1
1063 1067 0.0 1
1063 1068 0.0 1
1063 1069 0.0 1
1064 1060 0.0 1
1064 1061 0.0 1
1064 1062 0.0 1
1064 1063 0.0 1
1064 1065 0.0 1
1064 1066 0.0 1
1064 1067 0.0 1
1064 1068 0.0 1
1064 1069 0.0 1
1065 1060 0.0 1
1065 1061 0.0 1
1065 1062 0.0 1
1065 1063 0.0 1
1065 1064 0.0 1
1065 1066 0.0 1
1065 1067 0.0 1
1065 1068 0.0 1
1065 1069 0.0 1
1066 1060 0.0 1
1066 1061 0.0 1
1066 1062 0.0 1
1066 1063 0.0 1
1066 1064 0.0 1
1066 1065 0.0 1
1066 1067 0.0 1
1066 1068 0.0 1
1066 1069 0.0 1
1067 1060 0.0 1
1067 1061 0.0 1
1067 1062 0.0 1
1067 1063 0.0 1
1067 1064 0.0 1
1067 1065 0.0 1
1067 1066 0.0 1
1067 1068 0.0 1
1067 1069 0.0 1
1068 1060 0.0 1
1068 1061 0.0 1
1068 1062 0.0 1
1068 1063 0.0 1
1068 1064 0.0 1
1068 1065 0.0 1
1068 1066 0.0 1
1068 1067 0.0 1
1068 1069 0.0 1
1069 1060 0.0 1
1069 1061 0.0 1
1069 1062 0.0 1
1069 1063 0.0 1
1069 1064 0.0 1
1069 1065 0.0 1
1069 1066 0.0 1
1069 1067 0.0 1
1069 1068 0.0 1
1070 806 0.0 1
1070 805 0.0 1
1070 807 0.0 1
1070 62 0.0 1
1070 1071 0.0 1
1070 1072 0.0 1
1070 1073 0.0 1
1071 806 0.0 1
1071 805 0.0 1
1071 807 0.0 1
1071 1070 0.0 1
1071 62 0.0 1
1071 362 0.0 1
1071 1016 0.0 1
1071 1072 0.0 1
1071 1073 0.0 1
1072 806 0.0 1
1072 805 0.0 1
1072 807 0.0 1
1072 1070 0.0 1
1072 1071 0.0 1
1072 62 0.0 1
1072 1073 0.0 1
1073 806 0.0 1
1073 805 0.0 1
1073 807 0.0 1
1073 1070 0.0 1
1073 1071 0.0 1
1073 1072 0.0 1
1073 62 0.0 1
1074 227 0.0 1
1079 1078 0.0 1
1078 1079 0.0 1
1081 281 0.0 1
1082 69 0.0 1
1082 1083 0.0 1
1083 1082 0.0 1
1083 69 0.0 1
1084 0 0.0 1
1084 1 0.0 1
1086 516 0.0 1
1086 1087 0.0 1
1087 516 0.0 1
1087 1086 0.0 1
1087 1088 0.0 1
1087 1089 0.0 1
1088 516 0.0 1
1088 1087 0.0 1
1088 151 0.0 1
1089 516 0.0 1
1089 1087 0.0 1
1091 473 0.0 1
1091 472 0.0 1
1091 984 0.0 1
1092 473 0.0 1
1092 984 0.0 1
1092 985 0.0 1
1094 1093 0.0 1
1094 1095 0.0 1
1094 1096 0.0 1
1093 1094 0.0 1
1093 1095 0.0 1
1093 1096 0.0 1
1095 1093 0.0 1
1095 1094 0.0 1
1095 1096 0.0 1
1096 1093 0.0 1
1096 1094 0.0 1
1096 1095 0.0 1
1098 1097 0.0 1
1098 1099 0.0 1
1097 1098 0.0 1
1097 1099 0.0 1
1099 1097 0.0 1
1099 1098 0.0 1
1102 1101 0.0 1
1102 1103 0.0 1
1101 1102 0.0 1
1101 1103 0.0 1
1103 1101 0.0 1
1103 1102 0.0 1
1106 1105 0.0 1
1106 1107 0.0 1
1106 1108 0.0 1
1106 1109 0.0 1
1106 1110 0.0 1
1106 1111 0.0 1
1106 1112 0.0 1
1106 1113 0.0 1
1105 1106 0.0 1
1105 1107 0.0 1
1105 1108 0.0 1
1105 1109 0.0 1
1105 1110 0.0 1
1105 1111 0.0 1
1105 1112 0.0 1
1105 1113 0.0 1
1107 1105 0.0 1
1107 1106 0.0 1
1107 1108 0.0 1
1107 1109 0.0 1
1107 1110 0.0 1
1107 1111 0.0 1
1107 1112 0.0 1
1107 1113 0.0 1
1107 1357 0.0 1
1107 1358 0.0 1
1107 1411 0.0 1
1108 1105 0.0 1
1108 1106 0.0 1
1108 1107 0.0 1
1108 1109 0.0 1
1108 1110 0.0 1
1108 1111 0.0 1
1108 1112 0.0 1
1108 1113 0.0 1
1109 1105 0.0 1
1109 1106 0.0 1
1109 1107 0.0 1
1109 1108 0.0 1
1109 1110 0.0 1
1109 1111 0.0 1
1109 1112 0.0 1
1109 1113 0.0 1
1110 1105 0.0 1
1110 1106 0.0 1
1110 1107 0.0 1
1110 1108 0.0 1
1110 1109 0.0 1
1110 1111 0.0 1
1110 1112 0.0 1
1110 1113 0.0 1
1111 1105 0.0 1
1111 1106 0.0 1
1111 1107 0.0 1
1111 1108 0.0 1
1111 1109 0.0 1
1111 1110 0.0 1
1111 1112 0.0 1
1111 1113 0.0 1
1112 1105 0.0 1
1112 1106 0.0 1
1112 1107 0.0 1
1112 1108 0.0 1
1112 1109 0.0 1
1112 1110 0.0 1
1112 1111 0.0 1
1112 1113 0.0 1
1113 1105 0.0 1
1113 1106 0.0 1
1113 1107 0.0 1
1113 1108 0.0 1
1113 1109 0.0 1
1113 1110 0.0 1
1113 1111 0.0 1
1113 1112 0.0 1
1115 1114 0.0 1
1114 1115 0.0 1
1117 1116 0.0 1
1117 1118 0.0 1
1117 1119 0.0 1
1117 1120 0.0 1
1116 1117 0.0 1
1116 1118 0.0 1
1116 1119 0.0 1
1116 1120 0.0 1
1118 1116 0.0 1
1118 1117 0.0 1
1118 1119 0.0 1
1118 1120 0.0 1
1119 1116 0.0 1
1119 1117 0.0 1
1119 1118 0.0 1
1119 1120 0.0 1
1120 1116 0.0 1
1120 1117 0.0 1
1120 1118 0.0 1
1120 1119 0.0 1
1120 1515 0.0 1
1120 1516 0.0 1
1120 1517 0.0 1
1121 78 0.0 1
1121 1122 0.0 1
1122 78 0.0 1
1122 1121 0.0 1
1123 78 0.0 1
1123 756 0.0 1
1124 247 0.0 1
1124 415 0.0 1
1124 1125 0.0 1
1125 1124 0.0 1
1125 247 0.0 1
1125 415 0.0 1
1128 1127 0.0 1
1127 1128 0.0 1
1129 976 0.0 1
1130 657 0.0 1
1130 774 0.0 1
1130 654 0.0 1
1130 34 0.0 1
1132 1131 0.0 1
1131 1132 0.0 1
1134 1133 0.0 1
1133 1134 0.0 1
1135 956 0.0 1
1135 194 0.0 1
1135 1136 0.0 1
1135 1137 0.0 1
1135 1138 0.0 1
1136 1135 0.0 1
1136 956 0.0 1
1136 194 0.0 1
1136 1137 0.0 1
1137 1135 0.0 1
1137 1136 0.0 1
1137 956 0.0 1
1137 194 0.0 1
1138 1135 0.0 1
1138 194 0.0 1
1138 956 0.0 1
1140 1139 0.0 1
1139 1140 0.0 1
1142 1141 0.0 1
1142 1488 0.0 1
1142 1489 0.0 1
1141 1142 0.0 1
1145 221 0.0 1
1145 343 0.0 1
1145 219 0.0 1
1145 697 0.0 1
1145 1282 0.0 1
1145 1283 0.0 1
1145 1394 0.0 1
1145 1395 0.0 1
1145 1396 0.0 1
1145 1397 0.0 1
1145 1560 0.0 1
1145 1561 0.0 1
1147 1146 0.0 1
1147 1148 0.0 1
1147 1149 0.0 1
1147 1150 0.0 1
1146 1147 0.0 1
1146 1148 0.0 1
1146 1149 0.0 1
1146 1150 0.0 1
1148 1146 0.0 1
1148 1147 0.0 1
1148 1149 0.0 1
1148 1150 0.0 1
1149 1146 0.0 1
1149 1147 0.0 1
1149 1148 0.0 1
1149 1150 0.0 1
1150 1146 0.0 1
1150 1147 0.0 1
1150 1148 0.0 1
1150 1149 0.0 1
1153 1152 0.0 1
1153 1154 0.0 1
1153 1155 0.0 1
1153 1156 0.0 1
1153 1157 0.0 1
1153 1158 0.0 1
1153 1159 0.0 1
1153 1160 0.0 1
1152 1153 0.0 1
1152 1154 0.0 1
1152 1155 0.0 1
1152 1156 0.0 1
1152 1157 0.0 1
1152 1158 0.0 1
1152 1159 0.0 1
1152 1160 0.0 1
1154 1152 0.0 1
1154 1153 0.0 1
1154 1155 0.0 1
1154 1156 0.0 1
1154 1157 0.0 1
1154 1158 0.0 1
1154 1159 0.0 1
1154 1160 0.0 1
1155 1152 0.0 1
1155 1153 0.0 1
1155 1154 0.0 1
1155 1156 0.0 1
1155 1157 0.0 1
1155 1158 0.0 1
1155 1159 0.0 1
1155 1160 0.0 1
1156 1152 0.0 1
1156 1153 0.0 1
1156 1154 0.0 1
1156 1155 0.0 1
1156 1157 0.0 1
1156 1158 0.0 1
1156 1159 0.0 1
1156 1160 0.0 1
1157 1152 0.0 1
1157 1153 0.0 1
1157 1154 0.0 1
1157 1155 0.0 1
1157 1156 0.0 1
1157 1158 0.0 1
1157 1159 0.0 1
1157 1160 0.0 1
1158 1152 0.0 1
1158 1153 0.0 1
1158 1154 0.0 1
1158 1155 0.0 1
1158 1156 0.0 1
1158 1157 0.0 1
1158 1159 0.0 1
1158 1160 0.0 1
1159 1152 0.0 1
1159 1153 0.0 1
1159 1154 0.0 1
1159 1155 0.0 1
1159 1156 0.0 1
1159 1157 0.0 1
1159 1158 0.0 1
1159 1160 0.0 1
1160 1152 0.0 1
1160 1153 0.0 1
1160 1154 0.0 1
1160 1155 0.0 1
1160 1156 0.0 1
1160 1157 0.0 1
1160 1158 0.0 1
1160 1159 0.0 1
1162 114 0.0 1
1162 186 0.0 1
1162 1163 0.0 1
1162 1413 0.0 1
1162 1414 0.0 1
1162 1415 0.0 1
1163 114 0.0 1
1163 1162 0.0 1
1165 1164 0.0 1
1164 1165 0.0 1
1166 259 0.0 1
1166 258 0.0 1
1166 1167 0.0 1
1167 259 0.0 1
1167 258 0.0 1
1167 1166 0.0 1
1169 1168 0.0 1
1168 1169 0.0 1
1170 820 0.0 1
1172 78 0.0 1
1175 931 0.0 1
1175 1176 0.0 1
1176 1175 0.0 1
1176 931 0.0 1
1177 150 0.0 1
1177 96 0.0 1
1178 150 0.0 1
1178 281 0.0 1
1178 1342 0.0 1
1180 589 0.0 1
1180 590 0.0 1
1180 591 0.0 1
1180 1181 0.0 1
1181 1180 0.0 1
1181 589 0.0 1
1181 590 0.0 1
1181 591 0.0 1
1182 302 0.0 1
1185 1184 0.0 1
1185 1186 0.0 1
1184 1185 0.0 1
1184 1186 0.0 1
1186 1184 0.0 1
1186 1185 0.0 1
1189 327 0.0 1
1189 328 0.0 1
1190 54 0.0 1
1190 34 0.0 1
1190 840 0.0 1
1190 33 0.0 1
1190 1191 0.0 1
1191 1190 0.0 1
1191 54 0.0 1
1191 34 0.0 1
1191 840 0.0 1
1191 33 0.0 1
1194 1193 0.0 1
1193 1194 0.0 1
1195 78 0.0 1
1195 1196 0.0 1
1195 1197 0.0 1
1196 1195 0.0 1
1196 78 0.0 1
1196 1197 0.0 1
1197 1195 0.0 1
1197 1196 0.0 1
1197 78 0.0 1
1199 1198 0.0 1
1199 1200 0.0 1
1198 1199 0.0 1
1198 1200 0.0 1
1200 1198 0.0 1
1200 1199 0.0 1
1201 913 0.0 1
1201 916 0.0 1
1201 1000 0.0 1
1201 914 0.0 1
1201 915 0.0 1
1201 1202 0.0 1
1201 1203 0.0 1
1201 1204 0.0 1
1201 1205 0.0 1
1201 1206 0.0 1
1201 1207 0.0 1
1201 1208 0.0 1
1201 1256 0.0 1
1201 1257 0.0 1
1202 913 0.0 1
1202 916 0.0 1
1202 1201 0.0 1
1202 1000 0.0 1
1202 1203 0.0 1
1202 1204 0.0 1
1202 1205 0.0 1
1203 913 0.0 1
1203 916 0.0 1
1203 1201 0.0 1
1203 1202 0.0 1
1203 1000 0.0 1
1203 1204 0.0 1
1203 1205 0.0 1
1204 913 0.0 1
1204 916 0.0 1
1204 1201 0.0 1
1204 1202 0.0 1
1204 1203 0.0 1
1204 1000 0.0 1
1204 1205 0.0 1
1205 913 0.0 1
1205 916 0.0 1
1205 1201 0.0 1
1205 1202 0.0 1
1205 1203 0.0 1
1205 1204 0.0 1
1205 1000 0.0 1
1206 913 0.0 1
1206 916 0.0 1
1206 1201 0.0 1
1206 914 0.0 1
1206 915 0.0 1
1206 1207 0.0 1
1206 1208 0.0 1
1207 913 0.0 1
1207 1206 0.0 1
1207 916 0.0 1
1207 1201 0.0 1
1207 914 0.0 1
1207 915 0.0 1
1207 1208 0.0 1
1208 913 0.0 1
1208 1206 0.0 1
1208 916 0.0 1
1208 1201 0.0 1
1208 914 0.0 1
1208 1207 0.0 1
1208 915 0.0 1
1210 1209 0.0 1
1210 1211 0.0 1
1210 1212 0.0 1
1209 1210 0.0 1
1209 1211 0.0 1
1209 1212 0.0 1
1211 1209 0.0 1
1211 1210 0.0 1
1211 1212 0.0 1
1212 1209 0.0 1
1212 1210 0.0 1
1212 1211 0.0 1
1214 330 0.0 1
1214 1215 0.0 1
1214 1216 0.0 1
1214 1217 0.0 1
1215 1214 0.0 1
1215 330 0.0 1
1215 1216 0.0 1
1215 1217 0.0 1
1216 1214 0.0 1
1216 330 0.0 1
1216 1215 0.0 1
1216 1217 0.0 1
1217 1214 0.0 1
1217 330 0.0 1
1217 1215 0.0 1
1217 1216 0.0 1
1219 1218 0.0 1
1218 1219 0.0 1
1221 500 0.0 1
1221 150 0.0 1
1223 1222 0.0 1
1223 1224 0.0 1
1222 1223 0.0 1
1222 1224 0.0 1
1224 1222 0.0 1
1224 1223 0.0 1
1226 1225 0.0 1
1225 1226 0.0 1
1225 1227 0.0 1
1225 1345 0.0 1
1227 1225 0.0 1
1228 132 0.0 1
1228 54 0.0 1
1228 33 0.0 1
1228 1229 0.0 1
1229 132 0.0 1
1229 1228 0.0 1
1229 54 0.0 1
1229 33 0.0 1
1230 244 0.0 1
1232 1231 0.0 1
1231 1232 0.0 1
1233 415 0.0 1
1233 1234 0.0 1
1234 1233 0.0 1
1234 415 0.0 1
1235 481 0.0 1
1235 1236 0.0 1
1236 1235 0.0 1
1236 481 0.0 1
1238 1237 0.0 1
1237 1238 0.0 1
1239 547 0.0 1
1241 1240 0.0 1
1240 1241 0.0 1
1243 1242 0.0 1
1242 1243 0.0 1
1244 482 0.0 1
1244 1245 0.0 1
1244 1246 0.0 1
1244 1247 0.0 1
1245 1244 0.0 1
1245 482 0.0 1
1245 1246 0.0 1
1245 1247 0.0 1
1246 1244 0.0 1
1246 1245 0.0 1
1246 482 0.0 1
1246 1247 0.0 1
1247 1244 0.0 1
1247 1245 0.0 1
1247 1246 0.0 1
1247 482 0.0 1
1249 1248 0.0 1
1248 1249 0.0 1
1250 481 0.0 1
1250 1251 0.0 1
1251 1250 0.0 1
1251 481 0.0 1
1253 1252 0.0 1
1253 1254 0.0 1
1252 1253 0.0 1
1252 1254 0.0 1
1254 1252 0.0 1
1254 1253 0.0 1
1255 764 0.0 1
1255 765 0.0 1
1255 121 0.0 1
1256 1201 0.0 1
1256 916 0.0 1
1256 1257 0.0 1
1257 1201 0.0 1
1257 1256 0.0 1
1257 916 0.0 1
1259 1258 0.0 1
1258 1259 0.0 1
1261 1260 0.0 1
1261 1262 0.0 1
1260 1261 0.0 1
1260 1262 0.0 1
1262 1260 0.0 1
1262 1261 0.0 1
1263 375 0.0 1
1263 376 0.0 1
1263 377 0.0 1
1265 1264 0.0 1
1265 1266 0.0 1
1265 1267 0.0 1
1264 1265 0.0 1
1264 1266 0.0 1
1264 1267 0.0 1
1266 1264 0.0 1
1266 1265 0.0 1
1266 1267 0.0 1
1267 1264 0.0 1
1267 1265 0.0 1
1267 1266 0.0 1
1268 872 0.0 1
1270 320 0.0 1
1270 321 0.0 1
1271 947 0.0 1
1271 1272 0.0 1
1272 1271 0.0 1
1272 947 0.0 1
1273 843 0.0 1
1273 1274 0.0 1
1273 1275 0.0 1
1273 1276 0.0 1
1274 1273 0.0 1
1274 843 0.0 1
1274 1275 0.0 1
1274 1276 0.0 1
1275 1273 0.0 1
1275 1274 0.0 1
1275 843 0.0 1
1275 1276 0.0 1
1276 1273 0.0 1
1276 1274 0.0 1
1276 843 0.0 1
1276 1275 0.0 1
1278 744 0.0 1
1278 294 0.0 1
1278 743 0.0 1
1278 742 0.0 1
1278 293 0.0 1
1279 744 0.0 1
1279 1280 0.0 1
1279 1281 0.0 1
1280 744 0.0 1
1280 1279 0.0 1
1280 1281 0.0 1
1281 744 0.0 1
1281 1279 0.0 1
1281 1280 0.0 1
1282 1145 0.0 1
1282 219 0.0 1
1282 1283 0.0 1
1283 1282 0.0 1
1283 1145 0.0 1
1283 219 0.0 1
1287 1286 0.0 1
1287 1288 0.0 1
1287 1289 0.0 1
1287 1290 0.0 1
1286 1287 0.0 1
1286 1288 0.0 1
1286 1289 0.0 1
1286 1290 0.0 1
1286 1364 0.0 1
1286 1365 0.0 1
1286 1366 0.0 1
1286 1367 0.0 1
1288 1286 0.0 1
1288 1287 0.0 1
1288 1289 0.0 1
1288 1290 0.0 1
1289 1286 0.0 1
1289 1287 0.0 1
1289 1288 0.0 1
1289 1290 0.0 1
1290 1286 0.0 1
1290 1287 0.0 1
1290 1288 0.0 1
1290 1289 0.0 1
1293 1292 0.0 1
1293 1294 0.0 1
1292 1293 0.0 1
1292 1294 0.0 1
1294 1292 0.0 1
1294 1293 0.0 1
1294 1377 0.0 1
1294 1378 0.0 1
1295 375 0.0 1
1295 376 0.0 1
1295 33 0.0 1
1295 377 0.0 1
1299 1298 0.0 1
1298 1299 0.0 1
1303 1018 0.0 1
1303 1304 0.0 1
1304 1018 0.0 1
1304 1303 0.0 1
1305 1018 0.0 1
1306 1018 0.0 1
1306 1017 0.0 1
1306 1307 0.0 1
1306 1308 0.0 1
1306 1309 0.0 1
1307 1018 0.0 1
1307 1306 0.0 1
1307 1017 0.0 1
1307 1308 0.0 1
1307 1309 0.0 1
1308 1018 0.0 1
1308 1306 0.0 1
1308 1307 0.0 1
1308 1017 0.0 1
1308 1309 0.0 1
1309 1018 0.0 1
1309 1306 0.0 1
1309 1307 0.0 1
1309 1308 0.0 1
1309 1017 0.0 1
1311 1310 0.0 1
1310 1311 0.0 1
1313 1312 0.0 1
1313 1314 0.0 1
1313 1315 0.0 1
1313 1316 0.0 1
1312 1313 0.0 1
1312 1314 0.0 1
1312 1315 0.0 1
1312 1316 0.0 1
1314 1312 0.0 1
1314 1313 0.0 1
1314 1315 0.0 1
1314 1316 0.0 1
1315 1312 0.0 1
1315 1313 0.0 1
1315 1314 0.0 1
1315 53 0.0 1
1315 1316 0.0 1
1315 1468 0.0 1
1315 1469 0.0 1
1315 1470 0.0 1
1316 1312 0.0 1
1316 1313 0.0 1
1316 1314 0.0 1
1316 1315 0.0 1
1318 900 0.0 1
1321 1320 0.0 1
1320 1321 0.0 1
1322 524 0.0 1
1324 1323 0.0 1
1324 1325 0.0 1
1323 1324 0.0 1
1323 1325 0.0 1
1325 1323 0.0 1
1325 1324 0.0 1
1327 1326 0.0 1
1326 1327 0.0 1
1329 1328 0.0 1
1328 1329 0.0 1
1332 1331 0.0 1
1332 1333 0.0 1
1331 1332 0.0 1
1331 1333 0.0 1
1333 1331 0.0 1
1333 1332 0.0 1
1336 1335 0.0 1
1336 1337 0.0 1
1336 1338 0.0 1
1336 1419 0.0 1
1335 1336 0.0 1
1335 1337 0.0 1
1335 1338 0.0 1
1337 1335 0.0 1
1337 1336 0.0 1
1337 1338 0.0 1
1338 1335 0.0 1
1338 1336 0.0 1
1338 1337 0.0 1
1339 882 0.0 1
882 1339 0.0 1
1341 517 0.0 1
1342 281 0.0 1
1342 150 0.0 1
1342 1178 0.0 1
1343 281 0.0 1
1343 1344 0.0 1
1344 281 0.0 1
1344 1343 0.0 1
1345 1225 0.0 1
1346 721 0.0 1
1347 377 0.0 1
1347 1348 0.0 1
1348 1347 0.0 1
1348 377 0.0 1
1349 362 0.0 1
1349 1350 0.0 1
1349 1351 0.0 1
1349 1352 0.0 1
1350 1349 0.0 1
1350 362 0.0 1
1350 1351 0.0 1
1350 1352 0.0 1
1351 1349 0.0 1
1351 1350 0.0 1
1351 362 0.0 1
1351 1352 0.0 1
1352 1349 0.0 1
1352 1350 0.0 1
1352 1351 0.0 1
1352 362 0.0 1
1355 1354 0.0 1
1354 1355 0.0 1
1356 523 0.0 1
1356 746 0.0 1
1356 742 0.0 1
1356 931 0.0 1
1356 1357 0.0 1
1356 1358 0.0 1
1356 1359 0.0 1
1357 1356 0.0 1
1357 1107 0.0 1
1357 1358 0.0 1
1357 1411 0.0 1
1358 1356 0.0 1
1358 1357 0.0 1
1358 1107 0.0 1
1358 1411 0.0 1
1359 1356 0.0 1
1361 46 0.0 1
1361 428 0.0 1
1361 1362 0.0 1
1362 46 0.0 1
1362 1361 0.0 1
1362 428 0.0 1
1363 46 0.0 1
1364 1286 0.0 1
1364 1365 0.0 1
1364 1366 0.0 1
1364 1367 0.0 1
1365 1364 0.0 1
1365 1286 0.0 1
1365 1366 0.0 1
1365 1367 0.0 1
1366 1364 0.0 1
1366 1365 0.0 1
1366 1286 0.0 1
1366 1367 0.0 1
1367 1364 0.0 1
1367 1365 0.0 1
1367 1366 0.0 1
1367 1286 0.0 1
1368 932 0.0 1
1368 293 0.0 1
1368 294 0.0 1
1368 931 0.0 1
1368 1369 0.0 1
1369 932 0.0 1
1369 1368 0.0 1
1369 293 0.0 1
1369 294 0.0 1
1369 931 0.0 1
1371 1370 0.0 1
1370 1371 0.0 1
1373 1372 0.0 1
1372 1373 0.0 1
1375 1374 0.0 1
1375 1376 0.0 1
1374 1375 0.0 1
1374 1376 0.0 1
1376 1374 0.0 1
1376 1375 0.0 1
1377 1294 0.0 1
1377 1378 0.0 1
1378 1377 0.0 1
1378 1294 0.0 1
1381 522 0.0 1
1381 76 0.0 1
1384 194 0.0 1
1384 1385 0.0 1
1385 1384 0.0 1
1385 194 0.0 1
1387 1386 0.0 1
1386 1387 0.0 1
1389 329 0.0 1
1389 547 0.0 1
1391 1390 0.0 1
1391 1392 0.0 1
1390 1391 0.0 1
1390 1392 0.0 1
1392 1390 0.0 1
1392 1391 0.0 1
1394 1145 0.0 1
1394 219 0.0 1
1394 343 0.0 1
1394 697 0.0 1
1394 1395 0.0 1
1394 1396 0.0 1
1394 1397 0.0 1
1395 1394 0.0 1
1395 1145 0.0 1
1395 219 0.0 1
1395 343 0.0 1
1395 697 0.0 1
1395 1396 0.0 1
1395 1397 0.0 1
1396 1394 0.0 1
1396 1145 0.0 1
1396 1395 0.0 1
1396 219 0.0 1
1396 343 0.0 1
1396 697 0.0 1
1396 1397 0.0 1
1397 1394 0.0 1
1397 1145 0.0 1
1397 1395 0.0 1
1397 219 0.0 1
1397 343 0.0 1
1397 1396 0.0 1
1397 697 0.0 1
1398 314 0.0 1
1400 1399 0.0 1
1400 1401 0.0 1
1400 1402 0.0 1
1400 1403 0.0 1
1399 1400 0.0 1
1399 1401 0.0 1
1399 1402 0.0 1
1399 1403 0.0 1
1401 1399 0.0 1
1401 1400 0.0 1
1401 1402 0.0 1
1401 1403 0.0 1
1402 1399 0.0 1
1402 1400 0.0 1
1402 1401 0.0 1
1402 1403 0.0 1
1403 1399 0.0 1
1403 1400 0.0 1
1403 1401 0.0 1
1403 1402 0.0 1
1404 327 0.0 1
1404 416 0.0 1
1404 1405 0.0 1
1404 1406 0.0 1
1404 1407 0.0 1
1404 1408 0.0 1
1405 1404 0.0 1
1405 327 0.0 1
1405 416 0.0 1
1405 1406 0.0 1
1405 1407 0.0 1
1405 1408 0.0 1
1406 1404 0.0 1
1406 1405 0.0 1
1406 327 0.0 1
1406 416 0.0 1
1406 1407 0.0 1
1406 1408 0.0 1
1407 1404 0.0 1
1407 1405 0.0 1
1407 327 0.0 1
1407 1406 0.0 1
1407 416 0.0 1
1407 1408 0.0 1
1408 1404 0.0 1
1408 1405 0.0 1
1408 327 0.0 1
1408 1406 0.0 1
1408 416 0.0 1
1408 1407 0.0 1
1409 496 0.0 1
1409 1410 0.0 1
1410 1409 0.0 1
1410 496 0.0 1
1411 1357 0.0 1
1411 1107 0.0 1
1411 1358 0.0 1
1412 1060 0.0 1
1413 186 0.0 1
1413 1162 0.0 1
1413 1414 0.0 1
1413 1415 0.0 1
1414 186 0.0 1
1414 1413 0.0 1
1414 1162 0.0 1
1414 1415 0.0 1
1415 186 0.0 1
1415 1413 0.0 1
1415 1162 0.0 1
1415 1414 0.0 1
1416 303 0.0 1
1416 1026 0.0 1
1416 1417 0.0 1
1417 1416 0.0 1
1417 303 0.0 1
1417 1026 0.0 1
1418 930 0.0 1
1419 1336 0.0 1
1421 1420 0.0 1
1421 1422 0.0 1
1421 1423 0.0 1
1420 1421 0.0 1
1420 1422 0.0 1
1420 1423 0.0 1
1422 1420 0.0 1
1422 1421 0.0 1
1422 1423 0.0 1
1423 1420 0.0 1
1423 1421 0.0 1
1423 1422 0.0 1
1424 9 0.0 1
1424 1425 0.0 1
1425 1424 0.0 1
1425 9 0.0 1
1427 1426 0.0 1
1427 1428 0.0 1
1426 1427 0.0 1
1426 1428 0.0 1
1428 1426 0.0 1
1428 1427 0.0 1
1429 645 0.0 1
1429 1430 0.0 1
1429 1431 0.0 1
1429 1432 0.0 1
1429 1433 0.0 1
1429 1434 0.0 1
1429 1435 0.0 1
1429 1436 0.0 1
1429 1437 0.0 1
1429 1438 0.0 1
1429 1439 0.0 1
1429 1440 0.0 1
1429 1441 0.0 1
1429 1442 0.0 1
1429 1443 0.0 1
1429 1444 0.0 1
1429 1445 0.0 1
1429 1446 0.0 1
1429 1447 0.0 1
1429 1448 0.0 1
645 1429 0.0 1
645 1430 0.0 1
645 1431 0.0 1
645 1432 0.0 1
645 1433 0.0 1
645 1434 0.0 1
645 1435 0.0 1
645 1436 0.0 1
645 1437 0.0 1
645 1438 0.0 1
645 1439 0.0 1
645 1440 0.0 1
645 1441 0.0 1
645 1442 0.0 1
645 1443 0.0 1
645 1444 0.0 1
645 1445 0.0 1
645 1446 0.0 1
645 1447 0.0 1
1430 1429 0.0 1
1430 645 0.0 1
1430 1431 0.0 1
1430 1432 0.0 1
1430 1433 0.0 1
1430 1434 0.0 1
1430 1435 0.0 1
1430 1436 0.0 1
1430 1437 0.0 1
1430 1438 0.0 1
1430 1439 0.0 1
1430 1440 0.0 1
1430 1441 0.0 1
1430 1442 0.0 1
1430 1443 0.0 1
1430 1444 0.0 1
1430 1445 0.0 1
1430 1446 0.0 1
1430 1447 0.0 1
1430 1448 0.0 1
1431 1429 0.0 1
1431 645 0.0 1
1431 1430 0.0 1
1431 1432 0.0 1
1431 1433 0.0 1
1431 1434 0.0 1
1431 1435 0.0 1
1431 1436 0.0 1
1431 1437 0.0 1
1431 1438 0.0 1
1431 1439 0.0 1
1431 1440 0.0 1
1431 1441 0.0 1
1431 1442 0.0 1
1431 1443 0.0 1
1431 1444 0.0 1
1431 1445 0.0 1
1431 1446 0.0 1
1431 1447 0.0 1
1431 1448 0.0 1
1432 1429 0.0 1
1432 645 0.0 1
1432 1430 0.0 1
1432 1431 0.0 1
1432 1433 0.0 1
1432 1434 0.0 1
1432 1435 0.0 1
1432 1436 0.0 1
1432 1437 0.0 1
1432 1438 0.0 1
1432 1439 0.0 1
1432 1440 0.0 1
1432 1441 0.0 1
1432 1442 0.0 1
1432 1443 0.0 1
1432 1444 0.0 1
1432 1445 0.0 1
1432 1446 0.0 1
1432 1447 0.0 1
1433 1429 0.0 1
1433 645 0.0 1
1433 1430 0.0 1
1433 1431 0.0 1
1433 1432 0.0 1
1433 1434 0.0 1
1433 1435 0.0 1
1433 1436 0.0 1
1433 1437 0.0 1
1433 1438 0.0 1
1433 1439 0.0 1
1433 1440 0.0 1
1433 1441 0.0 1
1433 1442 0.0 1
1433 1443 0.0 1
1433 1444 0.0 1
1433 1445 0.0 1
1433 1446 0.0 1
1433 1447 0.0 1
1434 1429 0.0 1
1434 645 0.0 1
1434 1430 0.0 1
1434 1431 0.0 1
1434 1432 0.0 1
1434 1433 0.0 1
1434 1435 0.0 1
1434 1436 0.0 1
1434 1437 0.0 1
1434 1438 0.0 1
1434 1439 0.0 1
1434 1440 0.0 1
1434 1441 0.0 1
1434 1442 0.0 1
1434 1443 0.0 1
1434 1444 0.0 1
1434 1445 0.0 1
1434 1446 0.0 1
1434 1447 0.0 1
1435 1429 0.0 1
1435 645 0.0 1
1435 1430 0.0 1
1435 1431 0.0 1
1435 1432 0.0 1
1435 1433 0.0 1
1435 1434 0.0 1
1435 1436 0.0 1
1435 1437 0.0 1
1435 1438 0.0 1
1435 1439 0.0 1
1435 1440 0.0 1
1435 1441 0.0 1
1435 1442 0.0 1
1435 1443 0.0 1
1435 1444 0.0 1
1435 1445 0.0 1
1435 1446 0.0 1
1435 1447 0.0 1
1436 1429 0.0 1
1436 645 0.0 1
1436 1430 0.0 1
1436 1431 0.0 1
1436 1432 0.0 1
1436 1433 0.0 1
1436 1434 0.0 1
1436 1435 0.0 1
1436 1437 0.0 1
1436 1438 0.0 1
1436 1439 0.0 1
1436 1440 0.0 1
1436 1441 0.0 1
1436 1442 0.0 1
1436 1443 0.0 1
1436 1444 0.0 1
1436 1445 0.0 1
1436 1446 0.0 1
1436 1447 0.0 1
1437 1429 0.0 1
1437 645 0.0 1
1437 1430 0.0 1
1437 1431 0.0 1
1437 1432 0.0 1
1437 1433 0.0 1
1437 1434 0.0 1
1437 1435 0.0 1
1437 1436 0.0 1
1437 1438 0.0 1
1437 1439 0.0 1
1437 1440 0.0 1
1437 1441 0.0 1
1437 1442 0.0 1
1437 1443 0.0 1
1437 1444 0.0 1
1437 1445 0.0 1
1437 1446 0.0 1
1437 1447 0.0 1
1438 1429 0.0 1
1438 645 0.0 1
1438 1430 0.0 1
1438 1431 0.0 1
1438 1432 0.0 1
1438 1433 0.0 1
1438 1434 0.0 1
1438 1435 0.0 1
1438 1436 0.0 1
1438 1437 0.0 1
1438 1439 0.0 1
1438 1440 0.0 1
1438 1441 0.0 1
1438 1442 0.0 1
1438 1443 0.0 1
1438 1444 0.0 1
1438 1445 0.0 1
1438 1446 0.0 1
1438 1447 0.0 1
1439 1429 0.0 1
1439 645 0.0 1
1439 1430 0.0 1
1439 1431 0.0 1
1439 1432 0.0 1
1439 1433 0.0 1
1439 1434 0.0 1
1439 1435 0.0 1
1439 1436 0.0 1
1439 1437 0.0 1
1439 1438 0.0 1
1439 1440 0.0 1
1439 1441 0.0 1
1439 1442 0.0 1
1439 1443 0.0 1
1439 1444 0.0 1
1439 1445 0.0 1
1439 1446 0.0 1
1439 1447 0.0 1
1440 1429 0.0 1
1440 645 0.0 1
1440 1430 0.0 1
1440 1431 0.0 1
1440 1432 0.0 1
1440 1433 0.0 1
1440 1434 0.0 1
1440 1435 0.0 1
1440 1436 0.0 1
1440 1437 0.0 1
1440 1438 0.0 1
1440 1439 0.0 1
1440 1441 0.0 1
1440 1442 0.0 1
1440 1443 0.0 1
1440 1444 0.0 1
1440 1445 0.0 1
1440 1446 0.0 1
1440 1447 0.0 1
1441 1429 0.0 1
1441 645 0.0 1
1441 1430 0.0 1
1441 1431 0.0 1
1441 1432 0.0 1
1441 1433 0.0 1
1441 1434 0.0 1
1441 1435 0.0 1
1441 1436 0.0 1
1441 1437 0.0 1
1441 1438 0.0 1
1441 1439 0.0 1
1441 1440 0.0 1
1441 1442 0.0 1
1441 1443 0.0 1
1441 1444 0.0 1
1441 1445 0.0 1
1441 1446 0.0 1
1441 1447 0.0 1
1442 1429 0.0 1
1442 645 0.0 1
1442 1430 0.0 1
1442 1431 0.0 1
1442 1432 0.0 1
1442 1433 0.0 1
1442 1434 0.0 1
1442 1435 0.0 1
1442 1436 0.0 1
1442 1437 0.0 1
1442 1438 0.0 1
1442 1439 0.0 1
1442 1440 0.0 1
1442 1441 0.0 1
1442 1443 0.0 1
1442 1444 0.0 1
1442 1445 0.0 1
1442 1446 0.0 1
1442 1447 0.0 1
1443 1429 0.0 1
1443 645 0.0 1
1443 1430 0.0 1
1443 1431 0.0 1
1443 1432 0.0 1
1443 1433 0.0 1
1443 1434 0.0 1
1443 1435 0.0 1
1443 1436 0.0 1
1443 1437 0.0 1
1443 1438 0.0 1
1443 1439 0.0 1
1443 1440 0.0 1
1443 1441 0.0 1
1443 1442 0.0 1
1443 1444 0.0 1
1443 1445 0.0 1
1443 1446 0.0 1
1443 1447 0.0 1
1444 1429 0.0 1
1444 645 0.0 1
1444 1430 0.0 1
1444 1431 0.0 1
1444 1432 0.0 1
1444 1433 0.0 1
1444 1434 0.0 1
1444 1435 0.0 1
1444 1436 0.0 1
1444 1437 0.0 1
1444 1438 0.0 1
1444 1439 0.0 1
1444 1440 0.0 1
1444 1441 0.0 1
1444 1442 0.0 1
1444 1443 0.0 1
1444 1445 0.0 1
1444 1446 0.0 1
1444 1447 0.0 1
1445 1429 0.0 1
1445 645 0.0 1
1445 1430 0.0 1
1445 1431 0.0 1
1445 1432 0.0 1
1445 1433 0.0 1
1445 1434 0.0 1
1445 1435 0.0 1
1445 1436 0.0 1
1445 1437 0.0 1
1445 1438 0.0 1
1445 1439 0.0 1
1445 1440 0.0 1
1445 1441 0.0 1
1445 1442 0.0 1
1445 1443 0.0 1
1445 1444 0.0 1
1445 1446 0.0 1
1445 1447 0.0 1
1446 1429 0.0 1
1446 645 0.0 1
1446 1430 0.0 1
1446 1431 0.0 1
1446 1432 0.0 1
1446 1433 0.0 1
1446 1434 0.0 1
1446 1435 0.0 1
1446 1436 0.0 1
1446 1437 0.0 1
1446 1438 0.0 1
1446 1439 0.0 1
1446 1440 0.0 1
1446 1441 0.0 1
1446 1442 0.0 1
1446 1443 0.0 1
1446 1444 0.0 1
1446 1445 0.0 1
1446 1447 0.0 1
1447 1429 0.0 1
1447 645 0.0 1
1447 1430 0.0 1
1447 1431 0.0 1
1447 1432 0.0 1
1447 1433 0.0 1
1447 1434 0.0 1
1447 1435 0.0 1
1447 1436 0.0 1
1447 1437 0.0 1
1447 1438 0.0 1
1447 1439 0.0 1
1447 1440 0.0 1
1447 1441 0.0 1
1447 1442 0.0 1
1447 1443 0.0 1
1447 1444 0.0 1
1447 1445 0.0 1
1447 1446 0.0 1
1448 1429 0.0 1
1448 1430 0.0 1
1448 1431 0.0 1
1450 1449 0.0 1
1449 1450 0.0 1
1451 283 0.0 1
1451 281 0.0 1
1452 216 0.0 1
1453 1360 0.0 1
1360 1453 0.0 1
1454 721 0.0 1
1455 482 0.0 1
1457 1456 0.0 1
1457 1458 0.0 1
1457 1459 0.0 1
1456 1457 0.0 1
1456 1458 0.0 1
1456 1459 0.0 1
1458 1456 0.0 1
1458 1457 0.0 1
1458 1459 0.0 1
1459 1456 0.0 1
1459 1457 0.0 1
1459 1458 0.0 1
1460 517 0.0 1
1460 127 0.0 1
1460 151 0.0 1
1461 55 0.0 1
1461 56 0.0 1
1464 860 0.0 1
1464 294 0.0 1
1464 1465 0.0 1
1464 1466 0.0 1
1464 1467 0.0 1
1465 1464 0.0 1
1465 860 0.0 1
1465 294 0.0 1
1465 1466 0.0 1
1465 1467 0.0 1
1466 1464 0.0 1
1466 1465 0.0 1
1466 860 0.0 1
1466 294 0.0 1
1466 1467 0.0 1
1467 1464 0.0 1
1467 1465 0.0 1
1467 860 0.0 1
1467 1466 0.0 1
1467 294 0.0 1
1468 53 0.0 1
1468 1315 0.0 1
1468 1469 0.0 1
1468 1470 0.0 1
1469 53 0.0 1
1469 1468 0.0 1
1469 1315 0.0 1
1469 1470 0.0 1
1470 53 0.0 1
1470 1468 0.0 1
1470 1315 0.0 1
1470 1469 0.0 1
1472 1471 0.0 1
1472 1473 0.0 1
1471 1472 0.0 1
1471 1473 0.0 1
1473 1471 0.0 1
1473 1472 0.0 1
1475 1474 0.0 1
1475 1476 0.0 1
1474 1475 0.0 1
1474 1476 0.0 1
1476 1474 0.0 1
1476 1475 0.0 1
1477 207 0.0 1
1477 1478 0.0 1
1478 1477 0.0 1
1478 207 0.0 1
1480 1479 0.0 1
1479 1480 0.0 1
1481 96 0.0 1
1481 1482 0.0 1
1482 1481 0.0 1
1482 96 0.0 1
1484 1483 0.0 1
1484 1485 0.0 1
1483 1484 0.0 1
1483 1485 0.0 1
1485 1483 0.0 1
1485 1484 0.0 1
1487 1486 0.0 1
1486 1487 0.0 1
1488 1142 0.0 1
1488 1489 0.0 1
1489 1488 0.0 1
1489 1142 0.0 1
1492 1491 0.0 1
1491 1492 0.0 1
1491 1493 0.0 1
1491 1540 0.0 1
1491 1541 0.0 1
1491 1542 0.0 1
1493 1491 0.0 1
1493 1494 0.0 1
1493 1540 0.0 1
1493 1541 0.0 1
1493 1542 0.0 1
1494 1493 0.0 1
1496 1495 0.0 1
1495 1496 0.0 1
1497 300 0.0 1
1498 82 0.0 1
1500 239 0.0 1
1500 1501 0.0 1
1500 1502 0.0 1
1500 1503 0.0 1
1501 1500 0.0 1
1501 239 0.0 1
1501 1502 0.0 1
1501 1503 0.0 1
1502 1500 0.0 1
1502 1501 0.0 1
1502 239 0.0 1
1502 1503 0.0 1
1503 1500 0.0 1
1503 1501 0.0 1
1503 239 0.0 1
1503 1502 0.0 1
1504 1000 0.0 1
1504 1505 0.0 1
1504 1506 0.0 1
1504 1507 0.0 1
1504 1508 0.0 1
1504 1509 0.0 1
1504 1514 0.0 1
1505 1504 0.0 1
1505 1506 0.0 1
1505 1507 0.0 1
1505 1508 0.0 1
1505 1509 0.0 1
1506 1504 0.0 1
1506 1505 0.0 1
1506 1507 0.0 1
1506 1508 0.0 1
1506 1509 0.0 1
1507 1504 0.0 1
1507 1505 0.0 1
1507 1506 0.0 1
1507 1508 0.0 1
1507 1509 0.0 1
1508 1504 0.0 1
1508 1505 0.0 1
1508 1506 0.0 1
1508 1507 0.0 1
1508 1509 0.0 1
1509 1504 0.0 1
1509 1505 0.0 1
1509 1506 0.0 1
1509 1507 0.0 1
1509 1508 0.0 1
1512 1511 0.0 1
1512 1513 0.0 1
1511 1512 0.0 1
1511 1513 0.0 1
1513 1511 0.0 1
1513 1512 0.0 1
1514 1000 0.0 1
1514 1504 0.0 1
1515 1120 0.0 1
1515 1516 0.0 1
1515 1517 0.0 1
1516 1120 0.0 1
1516 1515 0.0 1
1516 1517 0.0 1
1517 1120 0.0 1
1517 1515 0.0 1
1517 1516 0.0 1
1518 243 0.0 1
1518 927 0.0 1
1518 1519 0.0 1
1518 1520 0.0 1
1519 1518 0.0 1
1519 243 0.0 1
1519 927 0.0 1
1519 1520 0.0 1
1520 1518 0.0 1
1520 1519 0.0 1
1520 243 0.0 1
1520 927 0.0 1
1523 1522 0.0 1
1522 1523 0.0 1
1526 1525 0.0 1
1525 1526 0.0 1
1529 54 0.0 1
1529 33 0.0 1
1531 1530 0.0 1
1530 1531 0.0 1
1532 9 0.0 1
1533 532 0.0 1
1533 531 0.0 1
1533 530 0.0 1
1533 1534 0.0 1
1533 1535 0.0 1
1534 532 0.0 1
1534 1533 0.0 1
1534 531 0.0 1
1534 530 0.0 1
1534 1535 0.0 1
1535 532 0.0 1
1535 1533 0.0 1
1535 1534 0.0 1
1535 531 0.0 1
1535 530 0.0 1
1536 843 0.0 1
1538 1537 0.0 1
1538 1539 0.0 1
1537 1538 0.0 1
1537 1539 0.0 1
1539 1537 0.0 1
1539 1538 0.0 1
1540 1493 0.0 1
1540 1491 0.0 1
1540 1541 0.0 1
1540 1542 0.0 1
1541 1540 0.0 1
1541 1493 0.0 1
1541 1491 0.0 1
1541 1542 0.0 1
1542 1540 0.0 1
1542 1541 0.0 1
1542 1493 0.0 1
1542 1491 0.0 1
1544 1543 0.0 1
1543 1544 0.0 1
1546 1545 0.0 1
1546 1547 0.0 1
1546 1548 0.0 1
1545 1546 0.0 1
1545 1547 0.0 1
1545 1548 0.0 1
1547 1545 0.0 1
1547 1546 0.0 1
1547 1548 0.0 1
1548 1545 0.0 1
1548 1546 0.0 1
1548 1547 0.0 1
1549 308 0.0 1
1550 34 0.0 1
1550 33 0.0 1
1550 54 0.0 1
1550 1551 0.0 1
1551 1550 0.0 1
1551 34 0.0 1
1551 33 0.0 1
1553 294 0.0 1
1553 1554 0.0 1
1553 1555 0.0 1
1554 294 0.0 1
1554 1553 0.0 1
1554 1555 0.0 1
1555 294 0.0 1
1555 1553 0.0 1
1555 1554 0.0 1
1556 676 0.0 1
1556 1557 0.0 1
1556 1558 0.0 1
1557 1556 0.0 1
1557 676 0.0 1
1557 1558 0.0 1
1558 1556 0.0 1
1558 676 0.0 1
1558 1557 0.0 1
1560 1145 0.0 1
1560 219 0.0 1
1560 1561 0.0 1
1561 1560 0.0 1
1561 1145 0.0 1
1561 219 0.0 1
1562 63 0.0 1
1562 62 0.0 1
1562 1563 0.0 1
1562 1564 0.0 1
1562 1565 0.0 1
1562 1566 0.0 1
1562 1567 0.0 1
1563 1562 0.0 1
1563 63 0.0 1
1563 62 0.0 1
1563 1564 0.0 1
1563 1565 0.0 1
1563 1566 0.0 1
1563 1567 0.0 1
1564 1562 0.0 1
1564 1563 0.0 1
1564 63 0.0 1
1564 62 0.0 1
1564 1565 0.0 1
1564 1566 0.0 1
1564 1567 0.0 1
1565 1562 0.0 1
1565 1563 0.0 1
1565 1564 0.0 1
1565 63 0.0 1
1565 62 0.0 1
1565 1566 0.0 1
1565 1567 0.0 1
1566 1562 0.0 1
1566 1563 0.0 1
1566 1564 0.0 1
1566 1565 0.0 1
1566 63 0.0 1
1566 62 0.0 1
1566 1567 0.0 1
1567 1562 0.0 1
1567 1563 0.0 1
1567 1564 0.0 1
1567 1565 0.0 1
1567 1566 0.0 1
1567 63 0.0 1
1567 62 0.0 1
1569 1568 0.0 1
1568 1569 0.0 1
1570 337 0.0 1
1570 631 0.0 1
1570 1571 0.0 1
1570 1572 0.0 1
1570 1573 0.0 1
1571 337 0.0 1
1571 631 0.0 1
1571 1570 0.0 1
1571 1572 0.0 1
1571 1573 0.0 1
1572 337 0.0 1
1572 631 0.0 1
1572 1570 0.0 1
1572 1571 0.0 1
1572 1573 0.0 1
1573 337 0.0 1
1573 631 0.0 1
1573 1570 0.0 1
1573 1571 0.0 1
1573 1572 0.0 1
1574 631 0.0 1
1574 783 0.0 1
1576 1575 0.0 1
1576 1577 0.0 1
1576 1578 0.0 1
1575 1576 0.0 1
1575 1577 0.0 1
1575 1578 0.0 1
1577 1575 0.0 1
1577 1576 0.0 1
1577 1578 0.0 1
1578 1575 0.0 1
1578 1576 0.0 1
1578 1577 0.0 1
1579 631 0.0 1
1579 630 0.0 1
1581 1580 0.0 1
1580 1581 0.0 1
1584 1583 0.0 1
1583 1584 0.0 1
1586 1585 0.0 1
1585 1586 0.0 1
1585 1587 0.0 1
1587 1585 0.0 1
1588 522 0.0 1
1588 76 0.0 1
