2000 3998
0 1 0.0 1
1 0 0.0 1
0 2 0.0 1
2 0 0.0 1
0 6 0.0 1
6 0 0.0 1
0 15 0.0 1
15 0 0.0 1
0 27 0.0 1
27 0 0.0 1
0 34 0.0 1
34 0 0.0 1
0 66 0.0 1
66 0 0.0 1
0 93 0.0 1
93 0 0.0 1
0 146 0.0 1
146 0 0.0 1
0 170 0.0 1
170 0 0.0 1
0 171 0.0 1
171 0 0.0 1
0 173 0.0 1
173 0 0.0 1
0 271 0.0 1
271 0 0.0 1
0 449 0.0 1
449 0 0.0 1
0 466 0.0 1
466 0 0.0 1
0 491 0.0 1
491 0 0.0 1
0 543 0.0 1
543 0 0.0 1
0 661 0.0 1
661 0 0.0 1
0 706 0.0 1
706 0 0.0 1
0 1183 0.0 1
1183 0 0.0 1
0 1285 0.0 1
1285 0 0.0 1
0 1308 0.0 1
1308 0 0.0 1
0 1391 0.0 1
1391 0 0.0 1
0 1731 0.0 1
1731 0 0.0 1
0 1895 0.0 1
1895 0 0.0 1
0 1912 0.0 1
1912 0 0.0 1
0 1962 0.0 1
1962 0 0.0 1
1 3 0.0 1
3 1 0.0 1
1 4 0.0 1
4 1 0.0 1
1 11 0.0 1
11 1 0.0 1
1 21 0.0 1
21 1 0.0 1
1 22 0.0 1
22 1 0.0 1
1 24 0.0 1
24 1 0.0 1
1 25 0.0 1
25 1 0.0 1
1 30 0.0 1
30 1 0.0 1
1 45 0.0 1
45 1 0.0 1
1 52 0.0 1
52 1 0.0 1
1 74 0.0 1
74 1 0.0 1
1 85 0.0 1
85 1 0.0 1
1 114 0.0 1
114 1 0.0 1
1 120 0.0 1
120 1 0.0 1
1 124 0.0 1
124 1 0.0 1
1 132 0.0 1
132 1 0.0 1
1 161 0.0 1
161 1 0.0 1
1 210 0.0 1
210 1 0.0 1
1 247 0.0 1
247 1 0.0 1
1 293 0.0 1
293 1 0.0 1
1 368 0.0 1
368 1 0.0 1
1 371 0.0 1
371 1 0.0 1
1 399 0.0 1
399 1 0.0 1
1 417 0.0 1
417 1 0.0 1
1 418 0.0 1
418 1 0.0 1
1 441 0.0 1
441 1 0.0 1
1 473 0.0 1
473 1 0.0 1
1 502 0.0 1
502 1 0.0 1
1 503 0.0 1
503 1 0.0 1
1 684 0.0 1
684 1 0.0 1
1 785 0.0 1
785 1 0.0 1
1 1013 0.0 1
1013 1 0.0 1
1 1045 0.0 1
1045 1 0.0 1
1 1124 0.0 1
1124 1 0.0 1
1 1142 0.0 1
1142 1 0.0 1
1 1200 0.0 1
1200 1 0.0 1
1 1427 0.0 1
1427 1 0.0 1
1 1462 0.0 1
1462 1 0.0 1
1 1480 0.0 1
1480 1 0.0 1
1 1496 0.0 1
1496 1 0.0 1
1 1546 0.0 1
1546 1 0.0 1
1 1584 0.0 1
1584 1 0.0 1
1 1633 0.0 1
1633 1 0.0 1
1 1768 0.0 1
1768 1 0.0 1
1 1772 0.0 1
1772 1 0.0 1
1 1795 0.0 1
1795 1 0.0 1
1 1808 0.0 1
1808 1 0.0 1
1 1829 0.0 1
1829 1 0.0 1
1 1848 0.0 1
1848 1 0.0 1
1 1941 0.0 1
1941 1 0.0 1
2 10 0.0 1
10 2 0.0 1
2 68 0.0 1
68 2 0.0 1
2 81 0.0 1
81 2 0.0 1
2 166 0.0 1
166 2 0.0 1
2 182 0.0 1
182 2 0.0 1
2 331 0.0 1
331 2 0.0 1
2 445 0.0 1
445 2 0.0 1
2 746 0.0 1
746 2 0.0 1
2 872 0.0 1
872 2 0.0 1
2 1444 0.0 1
1444 2 0.0 1
2 1522 0.0 1
1522 2 0.0 1
2 1737 0.0 1
1737 2 0.0 1
2 1814 0.0 1
1814 2 0.0 1
3 5 0.0 1
5 3 0.0 1
3 7 0.0 1
7 3 0.0 1
3 9 0.0 1
9 3 0.0 1
3 13 0.0 1
13 3 0.0 1
3 18 0.0 1
18 3 0.0 1
3 19 0.0 1
19 3 0.0 1
3 26 0.0 1
26 3 0.0 1
3 31 0.0 1
31 3 0.0 1
3 90 0.0 1
90 3 0.0 1
3 123 0.0 1
123 3 0.0 1
3 129 0.0 1
129 3 0.0 1
3 141 0.0 1
141 3 0.0 1
3 145 0.0 1
145 3 0.0 1
3 153 0.0 1
153 3 0.0 1
3 175 0.0 1
175 3 0.0 1
3 177 0.0 1
177 3 0.0 1
3 178 0.0 1
178 3 0.0 1
3 186 0.0 1
186 3 0.0 1
3 232 0.0 1
232 3 0.0 1
3 241 0.0 1
241 3 0.0 1
3 275 0.0 1
275 3 0.0 1
3 294 0.0 1
294 3 0.0 1
3 297 0.0 1
297 3 0.0 1
3 317 0.0 1
317 3 0.0 1
3 324 0.0 1
324 3 0.0 1
3 332 0.0 1
332 3 0.0 1
3 339 0.0 1
339 3 0.0 1
3 356 0.0 1
356 3 0.0 1
3 362 0.0 1
362 3 0.0 1
3 380 0.0 1
380 3 0.0 1
3 383 0.0 1
383 3 0.0 1
3 431 0.0 1
431 3 0.0 1
3 435 0.0 1
435 3 0.0 1
3 444 0.0 1
444 3 0.0 1
3 447 0.0 1
447 3 0.0 1
3 454 0.0 1
454 3 0.0 1
3 471 0.0 1
471 3 0.0 1
3 478 0.0 1
478 3 0.0 1
3 484 0.0 1
484 3 0.0 1
3 494 0.0 1
494 3 0.0 1
3 515 0.0 1
515 3 0.0 1
3 589 0.0 1
589 3 0.0 1
3 607 0.0 1
607 3 0.0 1
3 615 0.0 1
615 3 0.0 1
3 645 0.0 1
645 3 0.0 1
3 672 0.0 1
672 3 0.0 1
3 715 0.0 1
715 3 0.0 1
3 719 0.0 1
719 3 0.0 1
3 777 0.0 1
777 3 0.0 1
3 807 0.0 1
807 3 0.0 1
3 825 0.0 1
825 3 0.0 1
3 841 0.0 1
841 3 0.0 1
3 887 0.0 1
887 3 0.0 1
3 959 0.0 1
959 3 0.0 1
3 982 0.0 1
982 3 0.0 1
3 1025 0.0 1
1025 3 0.0 1
3 1082 0.0 1
1082 3 0.0 1
3 1103 0.0 1
1103 3 0.0 1
3 1163 0.0 1
1163 3 0.0 1
3 1206 0.0 1
1206 3 0.0 1
3 1214 0.0 1
1214 3 0.0 1
3 1306 0.0 1
1306 3 0.0 1
3 1309 0.0 1
1309 3 0.0 1
3 1341 0.0 1
1341 3 0.0 1
3 1355 0.0 1
1355 3 0.0 1
3 1417 0.0 1
1417 3 0.0 1
3 1441 0.0 1
1441 3 0.0 1
3 1471 0.0 1
1471 3 0.0 1
3 1558 0.0 1
1558 3 0.0 1
3 1563 0.0 1
1563 3 0.0 1
3 1611 0.0 1
1611 3 0.0 1
3 1620 0.0 1
1620 3 0.0 1
3 1632 0.0 1
1632 3 0.0 1
3 1696 0.0 1
1696 3 0.0 1
3 1744 0.0 1
1744 3 0.0 1
3 1753 0.0 1
1753 3 0.0 1
3 1786 0.0 1
1786 3 0.0 1
3 1835 0.0 1
1835 3 0.0 1
3 1841 0.0 1
1841 3 0.0 1
4 8 0.0 1
8 4 0.0 1
4 14 0.0 1
14 4 0.0 1
4 41 0.0 1
41 4 0.0 1
4 44 0.0 1
44 4 0.0 1
4 63 0.0 1
63 4 0.0 1
4 89 0.0 1
89 4 0.0 1
4 105 0.0 1
105 4 0.0 1
4 112 0.0 1
112 4 0.0 1
4 125 0.0 1
125 4 0.0 1
4 126 0.0 1
126 4 0.0 1
4 142 0.0 1
142 4 0.0 1
4 148 0.0 1
148 4 0.0 1
4 169 0.0 1
169 4 0.0 1
4 172 0.0 1
172 4 0.0 1
4 180 0.0 1
180 4 0.0 1
4 181 0.0 1
181 4 0.0 1
4 188 0.0 1
188 4 0.0 1
4 234 0.0 1
234 4 0.0 1
4 238 0.0 1
238 4 0.0 1
4 261 0.0 1
261 4 0.0 1
4 305 0.0 1
305 4 0.0 1
4 310 0.0 1
310 4 0.0 1
4 381 0.0 1
381 4 0.0 1
4 391 0.0 1
391 4 0.0 1
4 396 0.0 1
396 4 0.0 1
4 398 0.0 1
398 4 0.0 1
4 422 0.0 1
422 4 0.0 1
4 476 0.0 1
476 4 0.0 1
4 485 0.0 1
485 4 0.0 1
4 488 0.0 1
488 4 0.0 1
4 552 0.0 1
552 4 0.0 1
4 567 0.0 1
567 4 0.0 1
4 603 0.0 1
603 4 0.0 1
4 605 0.0 1
605 4 0.0 1
4 660 0.0 1
660 4 0.0 1
4 663 0.0 1
663 4 0.0 1
4 691 0.0 1
691 4 0.0 1
4 717 0.0 1
717 4 0.0 1
4 768 0.0 1
768 4 0.0 1
4 817 0.0 1
817 4 0.0 1
4 836 0.0 1
836 4 0.0 1
4 902 0.0 1
902 4 0.0 1
4 909 0.0 1
909 4 0.0 1
4 935 0.0 1
935 4 0.0 1
4 955 0.0 1
955 4 0.0 1
4 1038 0.0 1
1038 4 0.0 1
4 1118 0.0 1
1118 4 0.0 1
4 1210 0.0 1
1210 4 0.0 1
4 1288 0.0 1
1288 4 0.0 1
4 1405 0.0 1
1405 4 0.0 1
4 1433 0.0 1
1433 4 0.0 1
4 1493 0.0 1
1493 4 0.0 1
4 1529 0.0 1
1529 4 0.0 1
4 1832 0.0 1
1832 4 0.0 1
5 508 0.0 1
508 5 0.0 1
5 1767 0.0 1
1767 5 0.0 1
6 16 0.0 1
16 6 0.0 1
6 364 0.0 1
364 6 0.0 1
6 432 0.0 1
432 6 0.0 1
6 463 0.0 1
463 6 0.0 1
6 556 0.0 1
556 6 0.0 1
6 1520 0.0 1
1520 6 0.0 1
6 1757 0.0 1
1757 6 0.0 1
7 73 0.0 1
73 7 0.0 1
7 218 0.0 1
218 7 0.0 1
7 397 0.0 1
397 7 0.0 1
7 410 0.0 1
410 7 0.0 1
7 416 0.0 1
416 7 0.0 1
7 496 0.0 1
496 7 0.0 1
7 510 0.0 1
510 7 0.0 1
7 759 0.0 1
759 7 0.0 1
7 1110 0.0 1
1110 7 0.0 1
7 1358 0.0 1
1358 7 0.0 1
7 1368 0.0 1
1368 7 0.0 1
8 12 0.0 1
12 8 0.0 1
8 20 0.0 1
20 8 0.0 1
8 28 0.0 1
28 8 0.0 1
8 39 0.0 1
39 8 0.0 1
8 43 0.0 1
43 8 0.0 1
8 58 0.0 1
58 8 0.0 1
8 59 0.0 1
59 8 0.0 1
8 65 0.0 1
65 8 0.0 1
8 87 0.0 1
87 8 0.0 1
8 165 0.0 1
165 8 0.0 1
8 183 0.0 1
183 8 0.0 1
8 192 0.0 1
192 8 0.0 1
8 196 0.0 1
196 8 0.0 1
8 202 0.0 1
202 8 0.0 1
8 223 0.0 1
223 8 0.0 1
8 270 0.0 1
270 8 0.0 1
8 308 0.0 1
308 8 0.0 1
8 550 0.0 1
550 8 0.0 1
8 622 0.0 1
622 8 0.0 1
8 692 0.0 1
692 8 0.0 1
8 701 0.0 1
701 8 0.0 1
8 707 0.0 1
707 8 0.0 1
8 740 0.0 1
740 8 0.0 1
8 771 0.0 1
771 8 0.0 1
8 796 0.0 1
796 8 0.0 1
8 847 0.0 1
847 8 0.0 1
8 894 0.0 1
894 8 0.0 1
8 1022 0.0 1
1022 8 0.0 1
8 1056 0.0 1
1056 8 0.0 1
8 1065 0.0 1
1065 8 0.0 1
8 1066 0.0 1
1066 8 0.0 1
8 1096 0.0 1
1096 8 0.0 1
8 1106 0.0 1
1106 8 0.0 1
8 1122 0.0 1
1122 8 0.0 1
8 1127 0.0 1
1127 8 0.0 1
8 1143 0.0 1
1143 8 0.0 1
8 1149 0.0 1
1149 8 0.0 1
8 1218 0.0 1
1218 8 0.0 1
8 1226 0.0 1
1226 8 0.0 1
8 1343 0.0 1
1343 8 0.0 1
8 1426 0.0 1
1426 8 0.0 1
8 1793 0.0 1
1793 8 0.0 1
8 1953 0.0 1
1953 8 0.0 1
9 167 0.0 1
167 9 0.0 1
9 1537 0.0 1
1537 9 0.0 1
10 278 0.0 1
278 10 0.0 1
10 511 0.0 1
511 10 0.0 1
10 1536 0.0 1
1536 10 0.0 1
10 1627 0.0 1
1627 10 0.0 1
10 1663 0.0 1
1663 10 0.0 1
10 1876 0.0 1
1876 10 0.0 1
10 1945 0.0 1
1945 10 0.0 1
11 1976 0.0 1
1976 11 0.0 1
12 72 0.0 1
72 12 0.0 1
12 246 0.0 1
246 12 0.0 1
12 263 0.0 1
263 12 0.0 1
12 281 0.0 1
281 12 0.0 1
12 347 0.0 1
347 12 0.0 1
12 487 0.0 1
487 12 0.0 1
12 522 0.0 1
522 12 0.0 1
12 1743 0.0 1
1743 12 0.0 1
13 17 0.0 1
17 13 0.0 1
13 134 0.0 1
134 13 0.0 1
13 219 0.0 1
219 13 0.0 1
13 250 0.0 1
250 13 0.0 1
13 541 0.0 1
541 13 0.0 1
13 681 0.0 1
681 13 0.0 1
13 1041 0.0 1
1041 13 0.0 1
13 1179 0.0 1
1179 13 0.0 1
13 1533 0.0 1
1533 13 0.0 1
13 1600 0.0 1
1600 13 0.0 1
13 1892 0.0 1
1892 13 0.0 1
13 1969 0.0 1
1969 13 0.0 1
14 741 0.0 1
741 14 0.0 1
14 1083 0.0 1
1083 14 0.0 1
14 1792 0.0 1
1792 14 0.0 1
15 23 0.0 1
23 15 0.0 1
16 243 0.0 1
243 16 0.0 1
16 1864 0.0 1
1864 16 0.0 1
17 37 0.0 1
37 17 0.0 1
17 118 0.0 1
118 17 0.0 1
17 143 0.0 1
143 17 0.0 1
17 212 0.0 1
212 17 0.0 1
17 215 0.0 1
215 17 0.0 1
17 337 0.0 1
337 17 0.0 1
17 411 0.0 1
411 17 0.0 1
17 475 0.0 1
475 17 0.0 1
17 697 0.0 1
697 17 0.0 1
17 884 0.0 1
884 17 0.0 1
17 1115 0.0 1
1115 17 0.0 1
17 1188 0.0 1
1188 17 0.0 1
17 1615 0.0 1
1615 17 0.0 1
17 1887 0.0 1
1887 17 0.0 1
18 109 0.0 1
109 18 0.0 1
18 244 0.0 1
244 18 0.0 1
18 637 0.0 1
637 18 0.0 1
18 1233 0.0 1
1233 18 0.0 1
19 92 0.0 1
92 19 0.0 1
19 150 0.0 1
150 19 0.0 1
20 97 0.0 1
97 20 0.0 1
20 194 0.0 1
194 20 0.0 1
20 379 0.0 1
379 20 0.0 1
22 38 0.0 1
38 22 0.0 1
22 82 0.0 1
82 22 0.0 1
22 102 0.0 1
102 22 0.0 1
22 104 0.0 1
104 22 0.0 1
22 116 0.0 1
116 22 0.0 1
22 233 0.0 1
233 22 0.0 1
22 256 0.0 1
256 22 0.0 1
22 267 0.0 1
267 22 0.0 1
22 307 0.0 1
307 22 0.0 1
22 617 0.0 1
617 22 0.0 1
22 620 0.0 1
620 22 0.0 1
22 650 0.0 1
650 22 0.0 1
22 770 0.0 1
770 22 0.0 1
22 794 0.0 1
794 22 0.0 1
22 831 0.0 1
831 22 0.0 1
22 881 0.0 1
881 22 0.0 1
22 1495 0.0 1
1495 22 0.0 1
22 1652 0.0 1
1652 22 0.0 1
22 1748 0.0 1
1748 22 0.0 1
22 1815 0.0 1
1815 22 0.0 1
22 1984 0.0 1
1984 22 0.0 1
23 29 0.0 1
29 23 0.0 1
23 35 0.0 1
35 23 0.0 1
23 47 0.0 1
47 23 0.0 1
23 50 0.0 1
50 23 0.0 1
23 222 0.0 1
222 23 0.0 1
23 240 0.0 1
240 23 0.0 1
23 276 0.0 1
276 23 0.0 1
23 433 0.0 1
433 23 0.0 1
23 528 0.0 1
528 23 0.0 1
23 625 0.0 1
625 23 0.0 1
23 696 0.0 1
696 23 0.0 1
23 853 0.0 1
853 23 0.0 1
23 873 0.0 1
873 23 0.0 1
23 921 0.0 1
921 23 0.0 1
23 973 0.0 1
973 23 0.0 1
23 989 0.0 1
989 23 0.0 1
23 1009 0.0 1
1009 23 0.0 1
23 1104 0.0 1
1104 23 0.0 1
23 1125 0.0 1
1125 23 0.0 1
23 1180 0.0 1
1180 23 0.0 1
23 1266 0.0 1
1266 23 0.0 1
23 1349 0.0 1
1349 23 0.0 1
23 1360 0.0 1
1360 23 0.0 1
23 1720 0.0 1
1720 23 0.0 1
23 1862 0.0 1
1862 23 0.0 1
23 1890 0.0 1
1890 23 0.0 1
23 1957 0.0 1
1957 23 0.0 1
24 48 0.0 1
48 24 0.0 1
24 70 0.0 1
70 24 0.0 1
24 251 0.0 1
251 24 0.0 1
24 272 0.0 1
272 24 0.0 1
24 300 0.0 1
300 24 0.0 1
24 301 0.0 1
301 24 0.0 1
24 312 0.0 1
312 24 0.0 1
24 341 0.0 1
341 24 0.0 1
24 345 0.0 1
345 24 0.0 1
24 538 0.0 1
538 24 0.0 1
24 554 0.0 1
554 24 0.0 1
24 694 0.0 1
694 24 0.0 1
24 931 0.0 1
931 24 0.0 1
24 940 0.0 1
940 24 0.0 1
24 1069 0.0 1
1069 24 0.0 1
24 1121 0.0 1
1121 24 0.0 1
24 1279 0.0 1
1279 24 0.0 1
24 1345 0.0 1
1345 24 0.0 1
24 1469 0.0 1
1469 24 0.0 1
24 1487 0.0 1
1487 24 0.0 1
24 1845 0.0 1
1845 24 0.0 1
24 1931 0.0 1
1931 24 0.0 1
24 1977 0.0 1
1977 24 0.0 1
25 49 0.0 1
49 25 0.0 1
25 100 0.0 1
100 25 0.0 1
25 115 0.0 1
115 25 0.0 1
25 164 0.0 1
164 25 0.0 1
25 226 0.0 1
226 25 0.0 1
25 283 0.0 1
283 25 0.0 1
25 495 0.0 1
495 25 0.0 1
25 565 0.0 1
565 25 0.0 1
25 671 0.0 1
671 25 0.0 1
25 962 0.0 1
962 25 0.0 1
25 1058 0.0 1
1058 25 0.0 1
25 1061 0.0 1
1061 25 0.0 1
25 1411 0.0 1
1411 25 0.0 1
25 1518 0.0 1
1518 25 0.0 1
25 1532 0.0 1
1532 25 0.0 1
26 318 0.0 1
318 26 0.0 1
26 674 0.0 1
674 26 0.0 1
26 708 0.0 1
708 26 0.0 1
26 752 0.0 1
752 26 0.0 1
26 977 0.0 1
977 26 0.0 1
26 990 0.0 1
990 26 0.0 1
26 1160 0.0 1
1160 26 0.0 1
26 1254 0.0 1
1254 26 0.0 1
26 1422 0.0 1
1422 26 0.0 1
26 1880 0.0 1
1880 26 0.0 1
27 60 0.0 1
60 27 0.0 1
27 313 0.0 1
313 27 0.0 1
27 390 0.0 1
390 27 0.0 1
27 600 0.0 1
600 27 0.0 1
27 630 0.0 1
630 27 0.0 1
27 710 0.0 1
710 27 0.0 1
27 747 0.0 1
747 27 0.0 1
27 851 0.0 1
851 27 0.0 1
27 870 0.0 1
870 27 0.0 1
27 907 0.0 1
907 27 0.0 1
27 916 0.0 1
916 27 0.0 1
27 1400 0.0 1
1400 27 0.0 1
27 1695 0.0 1
1695 27 0.0 1
27 1802 0.0 1
1802 27 0.0 1
28 1706 0.0 1
1706 28 0.0 1
29 32 0.0 1
32 29 0.0 1
29 53 0.0 1
53 29 0.0 1
29 77 0.0 1
77 29 0.0 1
29 91 0.0 1
91 29 0.0 1
29 338 0.0 1
338 29 0.0 1
29 452 0.0 1
452 29 0.0 1
29 516 0.0 1
516 29 0.0 1
29 598 0.0 1
598 29 0.0 1
29 657 0.0 1
657 29 0.0 1
29 665 0.0 1
665 29 0.0 1
29 803 0.0 1
803 29 0.0 1
29 827 0.0 1
827 29 0.0 1
29 891 0.0 1
891 29 0.0 1
29 1046 0.0 1
1046 29 0.0 1
29 1263 0.0 1
1263 29 0.0 1
29 1676 0.0 1
1676 29 0.0 1
29 1716 0.0 1
1716 29 0.0 1
29 1813 0.0 1
1813 29 0.0 1
29 1825 0.0 1
1825 29 0.0 1
29 1889 0.0 1
1889 29 0.0 1
30 51 0.0 1
51 30 0.0 1
30 71 0.0 1
71 30 0.0 1
30 319 0.0 1
319 30 0.0 1
30 530 0.0 1
530 30 0.0 1
30 578 0.0 1
578 30 0.0 1
30 624 0.0 1
624 30 0.0 1
30 1168 0.0 1
1168 30 0.0 1
30 1225 0.0 1
1225 30 0.0 1
30 1709 0.0 1
1709 30 0.0 1
31 33 0.0 1
33 31 0.0 1
31 108 0.0 1
108 31 0.0 1
31 1899 0.0 1
1899 31 0.0 1
32 36 0.0 1
36 32 0.0 1
32 42 0.0 1
42 32 0.0 1
32 131 0.0 1
131 32 0.0 1
32 163 0.0 1
163 32 0.0 1
32 191 0.0 1
191 32 0.0 1
32 198 0.0 1
198 32 0.0 1
32 412 0.0 1
412 32 0.0 1
32 424 0.0 1
424 32 0.0 1
32 816 0.0 1
816 32 0.0 1
32 1193 0.0 1
1193 32 0.0 1
33 62 0.0 1
62 33 0.0 1
33 106 0.0 1
106 33 0.0 1
33 945 0.0 1
945 33 0.0 1
33 1007 0.0 1
1007 33 0.0 1
33 1100 0.0 1
1100 33 0.0 1
33 1117 0.0 1
1117 33 0.0 1
33 1530 0.0 1
1530 33 0.0 1
33 1541 0.0 1
1541 33 0.0 1
33 1679 0.0 1
1679 33 0.0 1
33 1898 0.0 1
1898 33 0.0 1
34 155 0.0 1
155 34 0.0 1
34 370 0.0 1
370 34 0.0 1
35 40 0.0 1
40 35 0.0 1
35 426 0.0 1
426 35 0.0 1
35 500 0.0 1
500 35 0.0 1
35 839 0.0 1
839 35 0.0 1
35 1402 0.0 1
1402 35 0.0 1
35 1598 0.0 1
1598 35 0.0 1
36 69 0.0 1
69 36 0.0 1
36 138 0.0 1
138 36 0.0 1
36 439 0.0 1
439 36 0.0 1
36 536 0.0 1
536 36 0.0 1
36 604 0.0 1
604 36 0.0 1
36 835 0.0 1
835 36 0.0 1
36 1039 0.0 1
1039 36 0.0 1
36 1140 0.0 1
1140 36 0.0 1
36 1302 0.0 1
1302 36 0.0 1
37 56 0.0 1
56 37 0.0 1
37 78 0.0 1
78 37 0.0 1
37 135 0.0 1
135 37 0.0 1
37 225 0.0 1
225 37 0.0 1
37 658 0.0 1
658 37 0.0 1
37 1307 0.0 1
1307 37 0.0 1
37 1589 0.0 1
1589 37 0.0 1
37 1747 0.0 1
1747 37 0.0 1
38 95 0.0 1
95 38 0.0 1
38 144 0.0 1
144 38 0.0 1
38 420 0.0 1
420 38 0.0 1
38 513 0.0 1
513 38 0.0 1
38 593 0.0 1
593 38 0.0 1
38 842 0.0 1
842 38 0.0 1
38 1020 0.0 1
1020 38 0.0 1
38 1151 0.0 1
1151 38 0.0 1
38 1459 0.0 1
1459 38 0.0 1
38 1874 0.0 1
1874 38 0.0 1
39 273 0.0 1
273 39 0.0 1
39 1351 0.0 1
1351 39 0.0 1
39 1693 0.0 1
1693 39 0.0 1
39 1907 0.0 1
1907 39 0.0 1
40 946 0.0 1
946 40 0.0 1
42 61 0.0 1
61 42 0.0 1
42 80 0.0 1
80 42 0.0 1
42 113 0.0 1
113 42 0.0 1
42 127 0.0 1
127 42 0.0 1
42 195 0.0 1
195 42 0.0 1
42 197 0.0 1
197 42 0.0 1
42 388 0.0 1
388 42 0.0 1
42 462 0.0 1
462 42 0.0 1
42 606 0.0 1
606 42 0.0 1
42 767 0.0 1
767 42 0.0 1
42 938 0.0 1
938 42 0.0 1
42 1280 0.0 1
1280 42 0.0 1
42 1494 0.0 1
1494 42 0.0 1
42 1618 0.0 1
1618 42 0.0 1
42 1979 0.0 1
1979 42 0.0 1
43 55 0.0 1
55 43 0.0 1
43 67 0.0 1
67 43 0.0 1
43 154 0.0 1
154 43 0.0 1
43 282 0.0 1
282 43 0.0 1
43 384 0.0 1
384 43 0.0 1
43 436 0.0 1
436 43 0.0 1
43 456 0.0 1
456 43 0.0 1
43 457 0.0 1
457 43 0.0 1
43 627 0.0 1
627 43 0.0 1
43 712 0.0 1
712 43 0.0 1
43 726 0.0 1
726 43 0.0 1
43 782 0.0 1
782 43 0.0 1
43 802 0.0 1
802 43 0.0 1
43 811 0.0 1
811 43 0.0 1
43 981 0.0 1
981 43 0.0 1
43 1155 0.0 1
1155 43 0.0 1
43 1198 0.0 1
1198 43 0.0 1
43 1430 0.0 1
1430 43 0.0 1
43 1431 0.0 1
1431 43 0.0 1
43 1515 0.0 1
1515 43 0.0 1
44 130 0.0 1
130 44 0.0 1
44 220 0.0 1
220 44 0.0 1
44 260 0.0 1
260 44 0.0 1
44 333 0.0 1
333 44 0.0 1
44 458 0.0 1
458 44 0.0 1
44 534 0.0 1
534 44 0.0 1
44 1340 0.0 1
1340 44 0.0 1
44 1485 0.0 1
1485 44 0.0 1
44 1672 0.0 1
1672 44 0.0 1
44 1788 0.0 1
1788 44 0.0 1
45 46 0.0 1
46 45 0.0 1
45 103 0.0 1
103 45 0.0 1
45 189 0.0 1
189 45 0.0 1
45 1223 0.0 1
1223 45 0.0 1
45 1519 0.0 1
1519 45 0.0 1
46 54 0.0 1
54 46 0.0 1
46 1249 0.0 1
1249 46 0.0 1
46 1700 0.0 1
1700 46 0.0 1
47 304 0.0 1
304 47 0.0 1
47 846 0.0 1
846 47 0.0 1
47 1175 0.0 1
1175 47 0.0 1
47 1259 0.0 1
1259 47 0.0 1
48 925 0.0 1
925 48 0.0 1
48 1516 0.0 1
1516 48 0.0 1
48 1578 0.0 1
1578 48 0.0 1
48 1725 0.0 1
1725 48 0.0 1
48 1875 0.0 1
1875 48 0.0 1
49 57 0.0 1
57 49 0.0 1
49 75 0.0 1
75 49 0.0 1
49 98 0.0 1
98 49 0.0 1
49 147 0.0 1
147 49 0.0 1
49 159 0.0 1
159 49 0.0 1
49 437 0.0 1
437 49 0.0 1
49 521 0.0 1
521 49 0.0 1
49 859 0.0 1
859 49 0.0 1
49 1126 0.0 1
1126 49 0.0 1
49 1409 0.0 1
1409 49 0.0 1
50 311 0.0 1
311 50 0.0 1
51 79 0.0 1
79 51 0.0 1
51 88 0.0 1
88 51 0.0 1
51 576 0.0 1
576 51 0.0 1
51 1498 0.0 1
1498 51 0.0 1
54 1213 0.0 1
1213 54 0.0 1
54 1896 0.0 1
1896 54 0.0 1
55 64 0.0 1
64 55 0.0 1
55 111 0.0 1
111 55 0.0 1
55 133 0.0 1
133 55 0.0 1
55 158 0.0 1
158 55 0.0 1
55 174 0.0 1
174 55 0.0 1
55 269 0.0 1
269 55 0.0 1
55 363 0.0 1
363 55 0.0 1
55 791 0.0 1
791 55 0.0 1
55 808 0.0 1
808 55 0.0 1
55 833 0.0 1
833 55 0.0 1
55 1023 0.0 1
1023 55 0.0 1
55 1264 0.0 1
1264 55 0.0 1
55 1277 0.0 1
1277 55 0.0 1
55 1451 0.0 1
1451 55 0.0 1
55 1464 0.0 1
1464 55 0.0 1
55 1811 0.0 1
1811 55 0.0 1
55 1839 0.0 1
1839 55 0.0 1
55 1904 0.0 1
1904 55 0.0 1
55 1906 0.0 1
1906 55 0.0 1
55 1986 0.0 1
1986 55 0.0 1
55 1987 0.0 1
1987 55 0.0 1
56 895 0.0 1
895 56 0.0 1
57 489 0.0 1
489 57 0.0 1
57 509 0.0 1
509 57 0.0 1
57 1237 0.0 1
1237 57 0.0 1
57 1265 0.0 1
1265 57 0.0 1
57 1785 0.0 1
1785 57 0.0 1
58 430 0.0 1
430 58 0.0 1
58 568 0.0 1
568 58 0.0 1
58 854 0.0 1
854 58 0.0 1
58 1449 0.0 1
1449 58 0.0 1
58 1703 0.0 1
1703 58 0.0 1
59 1074 0.0 1
1074 59 0.0 1
60 361 0.0 1
361 60 0.0 1
60 1348 0.0 1
1348 60 0.0 1
62 119 0.0 1
119 62 0.0 1
63 94 0.0 1
94 63 0.0 1
63 298 0.0 1
298 63 0.0 1
63 1052 0.0 1
1052 63 0.0 1
63 1797 0.0 1
1797 63 0.0 1
64 99 0.0 1
99 64 0.0 1
64 151 0.0 1
151 64 0.0 1
64 157 0.0 1
157 64 0.0 1
64 343 0.0 1
343 64 0.0 1
64 355 0.0 1
355 64 0.0 1
64 406 0.0 1
406 64 0.0 1
64 498 0.0 1
498 64 0.0 1
64 540 0.0 1
540 64 0.0 1
64 581 0.0 1
581 64 0.0 1
64 646 0.0 1
646 64 0.0 1
64 748 0.0 1
748 64 0.0 1
64 783 0.0 1
783 64 0.0 1
64 1047 0.0 1
1047 64 0.0 1
64 1173 0.0 1
1173 64 0.0 1
64 1310 0.0 1
1310 64 0.0 1
64 1396 0.0 1
1396 64 0.0 1
64 1478 0.0 1
1478 64 0.0 1
64 1504 0.0 1
1504 64 0.0 1
64 1590 0.0 1
1590 64 0.0 1
64 1749 0.0 1
1749 64 0.0 1
65 136 0.0 1
136 65 0.0 1
65 156 0.0 1
156 65 0.0 1
65 306 0.0 1
306 65 0.0 1
65 438 0.0 1
438 65 0.0 1
65 638 0.0 1
638 65 0.0 1
65 1043 0.0 1
1043 65 0.0 1
65 1882 0.0 1
1882 65 0.0 1
66 83 0.0 1
83 66 0.0 1
66 200 0.0 1
200 66 0.0 1
66 635 0.0 1
635 66 0.0 1
66 994 0.0 1
994 66 0.0 1
67 86 0.0 1
86 67 0.0 1
67 110 0.0 1
110 67 0.0 1
67 676 0.0 1
676 67 0.0 1
67 705 0.0 1
705 67 0.0 1
69 586 0.0 1
586 69 0.0 1
70 760 0.0 1
760 70 0.0 1
71 335 0.0 1
335 71 0.0 1
71 392 0.0 1
392 71 0.0 1
71 477 0.0 1
477 71 0.0 1
71 633 0.0 1
633 71 0.0 1
71 1866 0.0 1
1866 71 0.0 1
72 514 0.0 1
514 72 0.0 1
72 1582 0.0 1
1582 72 0.0 1
73 122 0.0 1
122 73 0.0 1
73 901 0.0 1
901 73 0.0 1
74 76 0.0 1
76 74 0.0 1
76 608 0.0 1
608 76 0.0 1
77 393 0.0 1
393 77 0.0 1
77 675 0.0 1
675 77 0.0 1
78 190 0.0 1
190 78 0.0 1
79 184 0.0 1
184 79 0.0 1
79 1015 0.0 1
1015 79 0.0 1
80 1071 0.0 1
1071 80 0.0 1
81 84 0.0 1
84 81 0.0 1
81 933 0.0 1
933 81 0.0 1
82 121 0.0 1
121 82 0.0 1
82 1081 0.0 1
1081 82 0.0 1
84 1996 0.0 1
1996 84 0.0 1
85 107 0.0 1
107 85 0.0 1
85 321 0.0 1
321 85 0.0 1
85 570 0.0 1
570 85 0.0 1
85 867 0.0 1
867 85 0.0 1
85 1283 0.0 1
1283 85 0.0 1
85 1467 0.0 1
1467 85 0.0 1
85 1649 0.0 1
1649 85 0.0 1
87 162 0.0 1
162 87 0.0 1
87 168 0.0 1
168 87 0.0 1
87 235 0.0 1
235 87 0.0 1
87 372 0.0 1
372 87 0.0 1
87 421 0.0 1
421 87 0.0 1
87 795 0.0 1
795 87 0.0 1
87 879 0.0 1
879 87 0.0 1
87 1608 0.0 1
1608 87 0.0 1
88 224 0.0 1
224 88 0.0 1
88 360 0.0 1
360 88 0.0 1
88 557 0.0 1
557 88 0.0 1
88 1252 0.0 1
1252 88 0.0 1
89 96 0.0 1
96 89 0.0 1
89 101 0.0 1
101 89 0.0 1
89 315 0.0 1
315 89 0.0 1
89 328 0.0 1
328 89 0.0 1
89 613 0.0 1
613 89 0.0 1
89 896 0.0 1
896 89 0.0 1
89 1935 0.0 1
1935 89 0.0 1
90 230 0.0 1
230 90 0.0 1
90 258 0.0 1
258 90 0.0 1
90 459 0.0 1
459 90 0.0 1
90 1812 0.0 1
1812 90 0.0 1
92 369 0.0 1
369 92 0.0 1
92 415 0.0 1
415 92 0.0 1
92 733 0.0 1
733 92 0.0 1
92 769 0.0 1
769 92 0.0 1
92 942 0.0 1
942 92 0.0 1
92 1510 0.0 1
1510 92 0.0 1
92 1629 0.0 1
1629 92 0.0 1
92 1698 0.0 1
1698 92 0.0 1
93 149 0.0 1
149 93 0.0 1
93 152 0.0 1
152 93 0.0 1
93 693 0.0 1
693 93 0.0 1
93 716 0.0 1
716 93 0.0 1
93 890 0.0 1
890 93 0.0 1
93 1637 0.0 1
1637 93 0.0 1
93 1658 0.0 1
1658 93 0.0 1
94 266 0.0 1
266 94 0.0 1
94 395 0.0 1
395 94 0.0 1
94 1113 0.0 1
1113 94 0.0 1
94 1186 0.0 1
1186 94 0.0 1
94 1379 0.0 1
1379 94 0.0 1
95 1319 0.0 1
1319 95 0.0 1
95 1490 0.0 1
1490 95 0.0 1
95 1596 0.0 1
1596 95 0.0 1
96 199 0.0 1
199 96 0.0 1
96 209 0.0 1
209 96 0.0 1
96 213 0.0 1
213 96 0.0 1
96 245 0.0 1
245 96 0.0 1
96 291 0.0 1
291 96 0.0 1
96 863 0.0 1
863 96 0.0 1
96 876 0.0 1
876 96 0.0 1
96 885 0.0 1
885 96 0.0 1
96 985 0.0 1
985 96 0.0 1
96 1335 0.0 1
1335 96 0.0 1
96 1872 0.0 1
1872 96 0.0 1
97 206 0.0 1
206 97 0.0 1
97 334 0.0 1
334 97 0.0 1
97 414 0.0 1
414 97 0.0 1
97 512 0.0 1
512 97 0.0 1
97 548 0.0 1
548 97 0.0 1
97 653 0.0 1
653 97 0.0 1
97 1334 0.0 1
1334 97 0.0 1
97 1942 0.0 1
1942 97 0.0 1
98 229 0.0 1
229 98 0.0 1
98 943 0.0 1
943 98 0.0 1
98 1057 0.0 1
1057 98 0.0 1
98 1138 0.0 1
1138 98 0.0 1
98 1437 0.0 1
1437 98 0.0 1
98 1508 0.0 1
1508 98 0.0 1
100 208 0.0 1
208 100 0.0 1
100 299 0.0 1
299 100 0.0 1
100 507 0.0 1
507 100 0.0 1
100 1154 0.0 1
1154 100 0.0 1
100 1542 0.0 1
1542 100 0.0 1
103 117 0.0 1
117 103 0.0 1
103 179 0.0 1
179 103 0.0 1
103 207 0.0 1
207 103 0.0 1
103 216 0.0 1
216 103 0.0 1
103 292 0.0 1
292 103 0.0 1
103 377 0.0 1
377 103 0.0 1
103 467 0.0 1
467 103 0.0 1
103 468 0.0 1
468 103 0.0 1
103 483 0.0 1
483 103 0.0 1
103 789 0.0 1
789 103 0.0 1
103 834 0.0 1
834 103 0.0 1
103 1257 0.0 1
1257 103 0.0 1
103 1267 0.0 1
1267 103 0.0 1
103 1312 0.0 1
1312 103 0.0 1
103 1344 0.0 1
1344 103 0.0 1
103 1721 0.0 1
1721 103 0.0 1
104 248 0.0 1
248 104 0.0 1
104 375 0.0 1
375 104 0.0 1
104 801 0.0 1
801 104 0.0 1
104 813 0.0 1
813 104 0.0 1
105 754 0.0 1
754 105 0.0 1
105 1248 0.0 1
1248 105 0.0 1
105 1888 0.0 1
1888 105 0.0 1
105 1992 0.0 1
1992 105 0.0 1
106 287 0.0 1
287 106 0.0 1
106 327 0.0 1
327 106 0.0 1
106 434 0.0 1
434 106 0.0 1
106 506 0.0 1
506 106 0.0 1
106 698 0.0 1
698 106 0.0 1
106 843 0.0 1
843 106 0.0 1
106 865 0.0 1
865 106 0.0 1
106 898 0.0 1
898 106 0.0 1
106 960 0.0 1
960 106 0.0 1
106 1087 0.0 1
1087 106 0.0 1
106 1258 0.0 1
1258 106 0.0 1
106 1367 0.0 1
1367 106 0.0 1
106 1552 0.0 1
1552 106 0.0 1
106 1809 0.0 1
1809 106 0.0 1
107 602 0.0 1
602 107 0.0 1
108 966 0.0 1
966 108 0.0 1
111 139 0.0 1
139 111 0.0 1
111 325 0.0 1
325 111 0.0 1
111 427 0.0 1
427 111 0.0 1
111 580 0.0 1
580 111 0.0 1
111 647 0.0 1
647 111 0.0 1
111 722 0.0 1
722 111 0.0 1
111 1438 0.0 1
1438 111 0.0 1
111 1475 0.0 1
1475 111 0.0 1
112 236 0.0 1
236 112 0.0 1
112 440 0.0 1
440 112 0.0 1
112 1171 0.0 1
1171 112 0.0 1
112 1174 0.0 1
1174 112 0.0 1
114 829 0.0 1
829 114 0.0 1
114 1958 0.0 1
1958 114 0.0 1
115 1153 0.0 1
1153 115 0.0 1
115 1538 0.0 1
1538 115 0.0 1
116 535 0.0 1
535 116 0.0 1
119 474 0.0 1
474 119 0.0 1
121 128 0.0 1
128 121 0.0 1
121 353 0.0 1
353 121 0.0 1
121 563 0.0 1
563 121 0.0 1
121 996 0.0 1
996 121 0.0 1
121 1647 0.0 1
1647 121 0.0 1
121 1946 0.0 1
1946 121 0.0 1
122 254 0.0 1
254 122 0.0 1
122 314 0.0 1
314 122 0.0 1
122 643 0.0 1
643 122 0.0 1
122 880 0.0 1
880 122 0.0 1
122 1080 0.0 1
1080 122 0.0 1
122 1428 0.0 1
1428 122 0.0 1
122 1997 0.0 1
1997 122 0.0 1
124 743 0.0 1
743 124 0.0 1
124 819 0.0 1
819 124 0.0 1
124 993 0.0 1
993 124 0.0 1
124 1146 0.0 1
1146 124 0.0 1
128 211 0.0 1
211 128 0.0 1
128 542 0.0 1
542 128 0.0 1
128 1325 0.0 1
1325 128 0.0 1
129 597 0.0 1
597 129 0.0 1
129 855 0.0 1
855 129 0.0 1
129 864 0.0 1
864 129 0.0 1
129 963 0.0 1
963 129 0.0 1
129 998 0.0 1
998 129 0.0 1
129 1216 0.0 1
1216 129 0.0 1
129 1313 0.0 1
1313 129 0.0 1
129 1586 0.0 1
1586 129 0.0 1
129 1666 0.0 1
1666 129 0.0 1
129 1769 0.0 1
1769 129 0.0 1
129 1779 0.0 1
1779 129 0.0 1
131 140 0.0 1
140 131 0.0 1
131 1502 0.0 1
1502 131 0.0 1
131 1651 0.0 1
1651 131 0.0 1
132 280 0.0 1
280 132 0.0 1
132 403 0.0 1
403 132 0.0 1
132 826 0.0 1
826 132 0.0 1
132 1247 0.0 1
1247 132 0.0 1
132 1717 0.0 1
1717 132 0.0 1
132 1867 0.0 1
1867 132 0.0 1
133 137 0.0 1
137 133 0.0 1
133 205 0.0 1
205 133 0.0 1
133 668 0.0 1
668 133 0.0 1
133 1207 0.0 1
1207 133 0.0 1
133 1245 0.0 1
1245 133 0.0 1
133 1357 0.0 1
1357 133 0.0 1
133 1557 0.0 1
1557 133 0.0 1
133 1891 0.0 1
1891 133 0.0 1
134 228 0.0 1
228 134 0.0 1
134 274 0.0 1
274 134 0.0 1
134 585 0.0 1
585 134 0.0 1
134 970 0.0 1
970 134 0.0 1
134 1036 0.0 1
1036 134 0.0 1
134 1166 0.0 1
1166 134 0.0 1
134 1764 0.0 1
1764 134 0.0 1
135 1667 0.0 1
1667 135 0.0 1
136 288 0.0 1
288 136 0.0 1
136 924 0.0 1
924 136 0.0 1
136 1062 0.0 1
1062 136 0.0 1
136 1135 0.0 1
1135 136 0.0 1
136 1336 0.0 1
1336 136 0.0 1
136 1527 0.0 1
1527 136 0.0 1
136 1605 0.0 1
1605 136 0.0 1
139 407 0.0 1
407 139 0.0 1
140 575 0.0 1
575 140 0.0 1
140 1713 0.0 1
1713 140 0.0 1
141 1219 0.0 1
1219 141 0.0 1
141 1424 0.0 1
1424 141 0.0 1
142 201 0.0 1
201 142 0.0 1
142 284 0.0 1
284 142 0.0 1
142 886 0.0 1
886 142 0.0 1
142 1241 0.0 1
1241 142 0.0 1
142 1817 0.0 1
1817 142 0.0 1
143 160 0.0 1
160 143 0.0 1
143 204 0.0 1
204 143 0.0 1
143 1418 0.0 1
1418 143 0.0 1
146 187 0.0 1
187 146 0.0 1
146 492 0.0 1
492 146 0.0 1
146 588 0.0 1
588 146 0.0 1
146 731 0.0 1
731 146 0.0 1
147 290 0.0 1
290 147 0.0 1
147 302 0.0 1
302 147 0.0 1
147 553 0.0 1
553 147 0.0 1
147 678 0.0 1
678 147 0.0 1
147 1412 0.0 1
1412 147 0.0 1
147 1818 0.0 1
1818 147 0.0 1
148 259 0.0 1
259 148 0.0 1
148 519 0.0 1
519 148 0.0 1
148 780 0.0 1
780 148 0.0 1
149 667 0.0 1
667 149 0.0 1
149 699 0.0 1
699 149 0.0 1
149 1544 0.0 1
1544 149 0.0 1
151 344 0.0 1
344 151 0.0 1
151 596 0.0 1
596 151 0.0 1
151 919 0.0 1
919 151 0.0 1
152 231 0.0 1
231 152 0.0 1
152 382 0.0 1
382 152 0.0 1
153 227 0.0 1
227 153 0.0 1
153 262 0.0 1
262 153 0.0 1
153 373 0.0 1
373 153 0.0 1
153 451 0.0 1
451 153 0.0 1
153 763 0.0 1
763 153 0.0 1
153 788 0.0 1
788 153 0.0 1
153 861 0.0 1
861 153 0.0 1
153 975 0.0 1
975 153 0.0 1
154 249 0.0 1
249 154 0.0 1
154 737 0.0 1
737 154 0.0 1
154 821 0.0 1
821 154 0.0 1
154 824 0.0 1
824 154 0.0 1
154 1346 0.0 1
1346 154 0.0 1
156 1373 0.0 1
1373 156 0.0 1
158 193 0.0 1
193 158 0.0 1
158 405 0.0 1
405 158 0.0 1
158 644 0.0 1
644 158 0.0 1
158 666 0.0 1
666 158 0.0 1
158 949 0.0 1
949 158 0.0 1
158 976 0.0 1
976 158 0.0 1
158 1395 0.0 1
1395 158 0.0 1
159 1805 0.0 1
1805 159 0.0 1
160 1228 0.0 1
1228 160 0.0 1
161 268 0.0 1
268 161 0.0 1
161 1196 0.0 1
1196 161 0.0 1
162 255 0.0 1
255 162 0.0 1
162 378 0.0 1
378 162 0.0 1
162 549 0.0 1
549 162 0.0 1
162 1176 0.0 1
1176 162 0.0 1
162 1694 0.0 1
1694 162 0.0 1
163 176 0.0 1
176 163 0.0 1
163 277 0.0 1
277 163 0.0 1
163 320 0.0 1
320 163 0.0 1
163 1952 0.0 1
1952 163 0.0 1
164 893 0.0 1
893 164 0.0 1
164 1054 0.0 1
1054 164 0.0 1
165 875 0.0 1
875 165 0.0 1
165 908 0.0 1
908 165 0.0 1
167 185 0.0 1
185 167 0.0 1
168 214 0.0 1
214 168 0.0 1
168 1201 0.0 1
1201 168 0.0 1
170 279 0.0 1
279 170 0.0 1
170 346 0.0 1
346 170 0.0 1
170 531 0.0 1
531 170 0.0 1
170 1406 0.0 1
1406 170 0.0 1
170 1442 0.0 1
1442 170 0.0 1
171 217 0.0 1
217 171 0.0 1
171 257 0.0 1
257 171 0.0 1
171 340 0.0 1
340 171 0.0 1
171 497 0.0 1
497 171 0.0 1
171 551 0.0 1
551 171 0.0 1
171 1034 0.0 1
1034 171 0.0 1
172 936 0.0 1
936 172 0.0 1
173 221 0.0 1
221 173 0.0 1
173 461 0.0 1
461 173 0.0 1
173 1595 0.0 1
1595 173 0.0 1
173 1883 0.0 1
1883 173 0.0 1
176 203 0.0 1
203 176 0.0 1
176 296 0.0 1
296 176 0.0 1
176 1005 0.0 1
1005 176 0.0 1
176 1091 0.0 1
1091 176 0.0 1
177 351 0.0 1
351 177 0.0 1
177 374 0.0 1
374 177 0.0 1
177 520 0.0 1
520 177 0.0 1
177 544 0.0 1
544 177 0.0 1
177 1705 0.0 1
1705 177 0.0 1
177 1708 0.0 1
1708 177 0.0 1
178 844 0.0 1
844 178 0.0 1
179 582 0.0 1
582 179 0.0 1
179 1383 0.0 1
1383 179 0.0 1
179 1807 0.0 1
1807 179 0.0 1
181 868 0.0 1
868 181 0.0 1
182 367 0.0 1
367 182 0.0 1
182 573 0.0 1
573 182 0.0 1
183 252 0.0 1
252 183 0.0 1
183 309 0.0 1
309 183 0.0 1
183 359 0.0 1
359 183 0.0 1
183 450 0.0 1
450 183 0.0 1
183 453 0.0 1
453 183 0.0 1
183 469 0.0 1
469 183 0.0 1
183 472 0.0 1
472 183 0.0 1
183 614 0.0 1
614 183 0.0 1
183 779 0.0 1
779 183 0.0 1
183 812 0.0 1
812 183 0.0 1
183 950 0.0 1
950 183 0.0 1
183 1035 0.0 1
1035 183 0.0 1
183 1040 0.0 1
1040 183 0.0 1
183 1162 0.0 1
1162 183 0.0 1
183 1332 0.0 1
1332 183 0.0 1
183 1673 0.0 1
1673 183 0.0 1
183 1787 0.0 1
1787 183 0.0 1
185 253 0.0 1
253 185 0.0 1
185 877 0.0 1
877 185 0.0 1
188 348 0.0 1
348 188 0.0 1
188 579 0.0 1
579 188 0.0 1
188 713 0.0 1
713 188 0.0 1
188 889 0.0 1
889 188 0.0 1
188 1051 0.0 1
1051 188 0.0 1
188 1545 0.0 1
1545 188 0.0 1
190 242 0.0 1
242 190 0.0 1
190 1004 0.0 1
1004 190 0.0 1
190 1816 0.0 1
1816 190 0.0 1
192 632 0.0 1
632 192 0.0 1
192 1157 0.0 1
1157 192 0.0 1
192 1570 0.0 1
1570 192 0.0 1
193 237 0.0 1
237 193 0.0 1
193 389 0.0 1
389 193 0.0 1
193 470 0.0 1
470 193 0.0 1
193 720 0.0 1
720 193 0.0 1
193 723 0.0 1
723 193 0.0 1
193 1320 0.0 1
1320 193 0.0 1
194 1990 0.0 1
1990 194 0.0 1
196 239 0.0 1
239 196 0.0 1
196 265 0.0 1
265 196 0.0 1
196 685 0.0 1
685 196 0.0 1
196 903 0.0 1
903 196 0.0 1
196 937 0.0 1
937 196 0.0 1
196 1137 0.0 1
1137 196 0.0 1
196 1236 0.0 1
1236 196 0.0 1
198 366 0.0 1
366 198 0.0 1
198 1419 0.0 1
1419 198 0.0 1
198 1446 0.0 1
1446 198 0.0 1
198 1860 0.0 1
1860 198 0.0 1
199 286 0.0 1
286 199 0.0 1
199 1780 0.0 1
1780 199 0.0 1
201 322 0.0 1
322 201 0.0 1
201 571 0.0 1
571 201 0.0 1
203 1664 0.0 1
1664 203 0.0 1
205 352 0.0 1
352 205 0.0 1
205 504 0.0 1
504 205 0.0 1
205 840 0.0 1
840 205 0.0 1
205 1534 0.0 1
1534 205 0.0 1
205 1701 0.0 1
1701 205 0.0 1
208 423 0.0 1
423 208 0.0 1
208 428 0.0 1
428 208 0.0 1
208 486 0.0 1
486 208 0.0 1
208 525 0.0 1
525 208 0.0 1
208 680 0.0 1
680 208 0.0 1
208 686 0.0 1
686 208 0.0 1
208 724 0.0 1
724 208 0.0 1
208 1031 0.0 1
1031 208 0.0 1
208 1271 0.0 1
1271 208 0.0 1
208 1581 0.0 1
1581 208 0.0 1
208 1877 0.0 1
1877 208 0.0 1
209 330 0.0 1
330 209 0.0 1
209 545 0.0 1
545 209 0.0 1
210 618 0.0 1
618 210 0.0 1
210 1415 0.0 1
1415 210 0.0 1
210 1513 0.0 1
1513 210 0.0 1
210 1742 0.0 1
1742 210 0.0 1
211 402 0.0 1
402 211 0.0 1
211 991 0.0 1
991 211 0.0 1
212 329 0.0 1
329 212 0.0 1
212 1386 0.0 1
1386 212 0.0 1
213 1691 0.0 1
1691 213 0.0 1
214 1938 0.0 1
1938 214 0.0 1
216 429 0.0 1
429 216 0.0 1
216 499 0.0 1
499 216 0.0 1
216 1329 0.0 1
1329 216 0.0 1
218 735 0.0 1
735 218 0.0 1
218 1963 0.0 1
1963 218 0.0 1
219 1873 0.0 1
1873 219 0.0 1
220 349 0.0 1
349 220 0.0 1
220 400 0.0 1
400 220 0.0 1
220 1099 0.0 1
1099 220 0.0 1
220 1616 0.0 1
1616 220 0.0 1
220 1668 0.0 1
1668 220 0.0 1
223 1363 0.0 1
1363 223 0.0 1
223 1568 0.0 1
1568 223 0.0 1
223 1579 0.0 1
1579 223 0.0 1
224 285 0.0 1
285 224 0.0 1
224 1095 0.0 1
1095 224 0.0 1
224 1404 0.0 1
1404 224 0.0 1
224 1609 0.0 1
1609 224 0.0 1
224 1660 0.0 1
1660 224 0.0 1
224 1857 0.0 1
1857 224 0.0 1
224 1960 0.0 1
1960 224 0.0 1
225 659 0.0 1
659 225 0.0 1
227 1092 0.0 1
1092 227 0.0 1
227 1621 0.0 1
1621 227 0.0 1
229 386 0.0 1
386 229 0.0 1
230 1562 0.0 1
1562 230 0.0 1
230 1577 0.0 1
1577 230 0.0 1
232 365 0.0 1
365 232 0.0 1
232 1450 0.0 1
1450 232 0.0 1
236 928 0.0 1
928 236 0.0 1
239 357 0.0 1
357 239 0.0 1
239 742 0.0 1
742 239 0.0 1
239 837 0.0 1
837 239 0.0 1
239 1158 0.0 1
1158 239 0.0 1
239 1702 0.0 1
1702 239 0.0 1
240 303 0.0 1
303 240 0.0 1
240 595 0.0 1
595 240 0.0 1
240 639 0.0 1
639 240 0.0 1
240 662 0.0 1
662 240 0.0 1
240 761 0.0 1
761 240 0.0 1
240 1224 0.0 1
1224 240 0.0 1
240 1274 0.0 1
1274 240 0.0 1
240 1521 0.0 1
1521 240 0.0 1
240 1699 0.0 1
1699 240 0.0 1
240 1741 0.0 1
1741 240 0.0 1
240 1762 0.0 1
1762 240 0.0 1
242 787 0.0 1
787 242 0.0 1
242 978 0.0 1
978 242 0.0 1
242 1371 0.0 1
1371 242 0.0 1
243 1460 0.0 1
1460 243 0.0 1
244 264 0.0 1
264 244 0.0 1
244 523 0.0 1
523 244 0.0 1
245 679 0.0 1
679 245 0.0 1
245 778 0.0 1
778 245 0.0 1
246 1275 0.0 1
1275 246 0.0 1
247 1982 0.0 1
1982 247 0.0 1
248 1554 0.0 1
1554 248 0.0 1
251 673 0.0 1
673 251 0.0 1
252 401 0.0 1
401 252 0.0 1
252 1434 0.0 1
1434 252 0.0 1
253 1454 0.0 1
1454 253 0.0 1
253 1685 0.0 1
1685 253 0.0 1
254 1771 0.0 1
1771 254 0.0 1
255 465 0.0 1
465 255 0.0 1
255 558 0.0 1
558 255 0.0 1
255 786 0.0 1
786 255 0.0 1
255 1156 0.0 1
1156 255 0.0 1
256 1089 0.0 1
1089 256 0.0 1
257 792 0.0 1
792 257 0.0 1
257 1321 0.0 1
1321 257 0.0 1
257 1472 0.0 1
1472 257 0.0 1
257 1929 0.0 1
1929 257 0.0 1
258 295 0.0 1
295 258 0.0 1
258 326 0.0 1
326 258 0.0 1
258 564 0.0 1
564 258 0.0 1
258 703 0.0 1
703 258 0.0 1
258 1133 0.0 1
1133 258 0.0 1
258 1988 0.0 1
1988 258 0.0 1
260 574 0.0 1
574 260 0.0 1
260 905 0.0 1
905 260 0.0 1
260 912 0.0 1
912 260 0.0 1
260 1539 0.0 1
1539 260 0.0 1
263 1789 0.0 1
1789 263 0.0 1
264 704 0.0 1
704 264 0.0 1
264 1008 0.0 1
1008 264 0.0 1
264 1540 0.0 1
1540 264 0.0 1
264 1861 0.0 1
1861 264 0.0 1
265 376 0.0 1
376 265 0.0 1
265 892 0.0 1
892 265 0.0 1
265 1197 0.0 1
1197 265 0.0 1
266 464 0.0 1
464 266 0.0 1
266 490 0.0 1
490 266 0.0 1
267 623 0.0 1
623 267 0.0 1
268 354 0.0 1
354 268 0.0 1
269 501 0.0 1
501 269 0.0 1
269 634 0.0 1
634 269 0.0 1
269 1073 0.0 1
1073 269 0.0 1
269 1217 0.0 1
1217 269 0.0 1
269 1375 0.0 1
1375 269 0.0 1
270 289 0.0 1
289 270 0.0 1
270 323 0.0 1
323 270 0.0 1
270 336 0.0 1
336 270 0.0 1
270 342 0.0 1
342 270 0.0 1
270 897 0.0 1
897 270 0.0 1
270 915 0.0 1
915 270 0.0 1
270 1003 0.0 1
1003 270 0.0 1
270 1130 0.0 1
1130 270 0.0 1
270 1399 0.0 1
1399 270 0.0 1
270 1439 0.0 1
1439 270 0.0 1
270 1466 0.0 1
1466 270 0.0 1
270 1594 0.0 1
1594 270 0.0 1
270 1670 0.0 1
1670 270 0.0 1
271 1287 0.0 1
1287 271 0.0 1
273 358 0.0 1
358 273 0.0 1
275 641 0.0 1
641 275 0.0 1
275 762 0.0 1
762 275 0.0 1
275 1661 0.0 1
1661 275 0.0 1
277 446 0.0 1
446 277 0.0 1
277 1010 0.0 1
1010 277 0.0 1
277 1044 0.0 1
1044 277 0.0 1
277 1553 0.0 1
1553 277 0.0 1
278 517 0.0 1
517 278 0.0 1
278 702 0.0 1
702 278 0.0 1
278 1511 0.0 1
1511 278 0.0 1
279 601 0.0 1
601 279 0.0 1
279 1602 0.0 1
1602 279 0.0 1
279 1704 0.0 1
1704 279 0.0 1
281 621 0.0 1
621 281 0.0 1
281 765 0.0 1
765 281 0.0 1
281 1021 0.0 1
1021 281 0.0 1
281 1362 0.0 1
1362 281 0.0 1
281 1376 0.0 1
1376 281 0.0 1
281 1388 0.0 1
1388 281 0.0 1
289 532 0.0 1
532 289 0.0 1
289 584 0.0 1
584 289 0.0 1
289 790 0.0 1
790 289 0.0 1
289 941 0.0 1
941 289 0.0 1
289 1486 0.0 1
1486 289 0.0 1
290 1072 0.0 1
1072 290 0.0 1
290 1607 0.0 1
1607 290 0.0 1
291 1102 0.0 1
1102 291 0.0 1
291 1804 0.0 1
1804 291 0.0 1
292 1482 0.0 1
1482 292 0.0 1
293 797 0.0 1
797 293 0.0 1
293 1075 0.0 1
1075 293 0.0 1
293 1886 0.0 1
1886 293 0.0 1
294 481 0.0 1
481 294 0.0 1
294 1315 0.0 1
1315 294 0.0 1
295 1361 0.0 1
1361 295 0.0 1
297 404 0.0 1
404 297 0.0 1
297 669 0.0 1
669 297 0.0 1
297 1012 0.0 1
1012 297 0.0 1
297 1613 0.0 1
1613 297 0.0 1
300 756 0.0 1
756 300 0.0 1
301 957 0.0 1
957 301 0.0 1
301 1086 0.0 1
1086 301 0.0 1
301 1243 0.0 1
1243 301 0.0 1
304 1076 0.0 1
1076 304 0.0 1
305 316 0.0 1
316 305 0.0 1
305 537 0.0 1
537 305 0.0 1
305 1571 0.0 1
1571 305 0.0 1
305 1840 0.0 1
1840 305 0.0 1
311 577 0.0 1
577 311 0.0 1
314 555 0.0 1
555 314 0.0 1
314 683 0.0 1
683 314 0.0 1
315 619 0.0 1
619 315 0.0 1
315 906 0.0 1
906 315 0.0 1
315 1272 0.0 1
1272 315 0.0 1
316 350 0.0 1
350 316 0.0 1
316 1635 0.0 1
1635 316 0.0 1
318 1144 0.0 1
1144 318 0.0 1
319 1286 0.0 1
1286 319 0.0 1
319 1297 0.0 1
1297 319 0.0 1
320 566 0.0 1
566 320 0.0 1
320 1851 0.0 1
1851 320 0.0 1
321 1270 0.0 1
1270 321 0.0 1
323 413 0.0 1
413 323 0.0 1
324 744 0.0 1
744 324 0.0 1
324 1128 0.0 1
1128 324 0.0 1
327 882 0.0 1
882 327 0.0 1
329 493 0.0 1
493 329 0.0 1
329 690 0.0 1
690 329 0.0 1
329 999 0.0 1
999 329 0.0 1
330 774 0.0 1
774 330 0.0 1
330 848 0.0 1
848 330 0.0 1
330 1398 0.0 1
1398 330 0.0 1
333 409 0.0 1
409 333 0.0 1
334 1729 0.0 1
1729 334 0.0 1
335 1413 0.0 1
1413 335 0.0 1
335 1844 0.0 1
1844 335 0.0 1
338 972 0.0 1
972 338 0.0 1
341 1457 0.0 1
1457 341 0.0 1
342 980 0.0 1
980 342 0.0 1
342 997 0.0 1
997 342 0.0 1
342 1378 0.0 1
1378 342 0.0 1
342 1481 0.0 1
1481 342 0.0 1
343 385 0.0 1
385 343 0.0 1
343 1060 0.0 1
1060 343 0.0 1
344 1053 0.0 1
1053 344 0.0 1
349 419 0.0 1
419 349 0.0 1
349 1136 0.0 1
1136 349 0.0 1
352 443 0.0 1
443 352 0.0 1
352 888 0.0 1
888 352 0.0 1
354 745 0.0 1
745 354 0.0 1
354 1662 0.0 1
1662 354 0.0 1
356 408 0.0 1
408 356 0.0 1
357 1182 0.0 1
1182 357 0.0 1
359 1722 0.0 1
1722 359 0.0 1
361 1759 0.0 1
1759 361 0.0 1
361 1968 0.0 1
1968 361 0.0 1
364 425 0.0 1
425 364 0.0 1
364 480 0.0 1
480 364 0.0 1
364 631 0.0 1
631 364 0.0 1
364 793 0.0 1
793 364 0.0 1
364 899 0.0 1
899 364 0.0 1
364 913 0.0 1
913 364 0.0 1
364 1161 0.0 1
1161 364 0.0 1
364 1535 0.0 1
1535 364 0.0 1
365 845 0.0 1
845 365 0.0 1
366 1425 0.0 1
1425 366 0.0 1
369 482 0.0 1
482 369 0.0 1
370 866 0.0 1
866 370 0.0 1
370 927 0.0 1
927 370 0.0 1
370 1029 0.0 1
1029 370 0.0 1
371 1204 0.0 1
1204 371 0.0 1
371 1282 0.0 1
1282 371 0.0 1
372 387 0.0 1
387 372 0.0 1
372 749 0.0 1
749 372 0.0 1
372 1359 0.0 1
1359 372 0.0 1
373 1256 0.0 1
1256 373 0.0 1
374 1622 0.0 1
1622 374 0.0 1
376 394 0.0 1
394 376 0.0 1
376 1625 0.0 1
1625 376 0.0 1
376 1680 0.0 1
1680 376 0.0 1
376 1735 0.0 1
1735 376 0.0 1
378 1011 0.0 1
1011 378 0.0 1
382 442 0.0 1
442 382 0.0 1
382 560 0.0 1
560 382 0.0 1
382 610 0.0 1
610 382 0.0 1
383 1085 0.0 1
1085 383 0.0 1
383 1177 0.0 1
1177 383 0.0 1
383 1393 0.0 1
1393 383 0.0 1
383 1565 0.0 1
1565 383 0.0 1
383 1978 0.0 1
1978 383 0.0 1
384 800 0.0 1
800 384 0.0 1
384 871 0.0 1
871 384 0.0 1
384 1234 0.0 1
1234 384 0.0 1
384 1305 0.0 1
1305 384 0.0 1
384 1712 0.0 1
1712 384 0.0 1
386 1509 0.0 1
1509 386 0.0 1
388 1397 0.0 1
1397 388 0.0 1
389 809 0.0 1
809 389 0.0 1
389 1037 0.0 1
1037 389 0.0 1
389 1547 0.0 1
1547 389 0.0 1
389 1573 0.0 1
1573 389 0.0 1
389 1601 0.0 1
1601 389 0.0 1
389 1690 0.0 1
1690 389 0.0 1
389 1727 0.0 1
1727 389 0.0 1
389 1740 0.0 1
1740 389 0.0 1
391 1094 0.0 1
1094 391 0.0 1
392 448 0.0 1
448 392 0.0 1
392 505 0.0 1
505 392 0.0 1
392 629 0.0 1
629 392 0.0 1
392 721 0.0 1
721 392 0.0 1
392 965 0.0 1
965 392 0.0 1
392 1392 0.0 1
1392 392 0.0 1
392 1550 0.0 1
1550 392 0.0 1
392 1773 0.0 1
1773 392 0.0 1
393 479 0.0 1
479 393 0.0 1
394 592 0.0 1
592 394 0.0 1
394 952 0.0 1
952 394 0.0 1
394 1311 0.0 1
1311 394 0.0 1
394 1995 0.0 1
1995 394 0.0 1
395 518 0.0 1
518 395 0.0 1
395 1770 0.0 1
1770 395 0.0 1
396 1955 0.0 1
1955 396 0.0 1
397 1592 0.0 1
1592 397 0.0 1
397 1692 0.0 1
1692 397 0.0 1
401 1798 0.0 1
1798 401 0.0 1
404 974 0.0 1
974 404 0.0 1
405 757 0.0 1
757 405 0.0 1
405 1129 0.0 1
1129 405 0.0 1
405 1364 0.0 1
1364 405 0.0 1
413 636 0.0 1
636 413 0.0 1
416 1561 0.0 1
1561 416 0.0 1
418 642 0.0 1
642 418 0.0 1
419 738 0.0 1
738 419 0.0 1
419 1181 0.0 1
1181 419 0.0 1
419 1195 0.0 1
1195 419 0.0 1
419 1503 0.0 1
1503 419 0.0 1
419 1603 0.0 1
1603 419 0.0 1
419 1734 0.0 1
1734 419 0.0 1
419 1838 0.0 1
1838 419 0.0 1
423 611 0.0 1
611 423 0.0 1
423 832 0.0 1
832 423 0.0 1
423 1002 0.0 1
1002 423 0.0 1
423 1109 0.0 1
1109 423 0.0 1
423 1499 0.0 1
1499 423 0.0 1
426 1227 0.0 1
1227 426 0.0 1
426 1416 0.0 1
1416 426 0.0 1
426 1956 0.0 1
1956 426 0.0 1
428 599 0.0 1
599 428 0.0 1
429 984 0.0 1
984 429 0.0 1
429 1407 0.0 1
1407 429 0.0 1
430 1164 0.0 1
1164 430 0.0 1
431 455 0.0 1
455 431 0.0 1
431 1908 0.0 1
1908 431 0.0 1
436 971 0.0 1
971 436 0.0 1
438 1505 0.0 1
1505 438 0.0 1
438 1585 0.0 1
1585 438 0.0 1
441 1165 0.0 1
1165 441 0.0 1
442 569 0.0 1
569 442 0.0 1
442 914 0.0 1
914 442 0.0 1
442 1853 0.0 1
1853 442 0.0 1
444 656 0.0 1
656 444 0.0 1
444 1934 0.0 1
1934 444 0.0 1
445 533 0.0 1
533 445 0.0 1
445 1943 0.0 1
1943 445 0.0 1
449 967 0.0 1
967 449 0.0 1
450 670 0.0 1
670 450 0.0 1
450 922 0.0 1
922 450 0.0 1
450 1972 0.0 1
1972 450 0.0 1
454 1456 0.0 1
1456 454 0.0 1
455 734 0.0 1
734 455 0.0 1
456 591 0.0 1
591 456 0.0 1
457 460 0.0 1
460 457 0.0 1
458 609 0.0 1
609 458 0.0 1
459 562 0.0 1
562 459 0.0 1
459 815 0.0 1
815 459 0.0 1
459 1914 0.0 1
1914 459 0.0 1
460 524 0.0 1
524 460 0.0 1
460 616 0.0 1
616 460 0.0 1
460 1148 0.0 1
1148 460 0.0 1
460 1194 0.0 1
1194 460 0.0 1
461 587 0.0 1
587 461 0.0 1
461 751 0.0 1
751 461 0.0 1
461 883 0.0 1
883 461 0.0 1
461 1108 0.0 1
1108 461 0.0 1
462 527 0.0 1
527 462 0.0 1
463 1556 0.0 1
1556 463 0.0 1
465 753 0.0 1
753 465 0.0 1
465 1448 0.0 1
1448 465 0.0 1
467 1318 0.0 1
1318 467 0.0 1
468 526 0.0 1
526 468 0.0 1
468 1754 0.0 1
1754 468 0.0 1
468 1790 0.0 1
1790 468 0.0 1
470 559 0.0 1
559 470 0.0 1
474 1178 0.0 1
1178 474 0.0 1
474 1276 0.0 1
1276 474 0.0 1
474 1928 0.0 1
1928 474 0.0 1
475 1645 0.0 1
1645 475 0.0 1
480 900 0.0 1
900 480 0.0 1
481 1026 0.0 1
1026 481 0.0 1
482 1018 0.0 1
1018 482 0.0 1
485 539 0.0 1
539 485 0.0 1
485 649 0.0 1
649 485 0.0 1
485 654 0.0 1
654 485 0.0 1
485 923 0.0 1
923 485 0.0 1
485 1063 0.0 1
1063 485 0.0 1
485 1971 0.0 1
1971 485 0.0 1
486 1299 0.0 1
1299 486 0.0 1
487 1064 0.0 1
1064 487 0.0 1
487 1290 0.0 1
1290 487 0.0 1
487 1566 0.0 1
1566 487 0.0 1
487 1902 0.0 1
1902 487 0.0 1
490 1152 0.0 1
1152 490 0.0 1
490 1837 0.0 1
1837 490 0.0 1
493 775 0.0 1
775 493 0.0 1
493 860 0.0 1
860 493 0.0 1
495 1262 0.0 1
1262 495 0.0 1
495 1354 0.0 1
1354 495 0.0 1
496 823 0.0 1
823 496 0.0 1
496 1366 0.0 1
1366 496 0.0 1
497 583 0.0 1
583 497 0.0 1
497 838 0.0 1
838 497 0.0 1
498 612 0.0 1
612 498 0.0 1
498 729 0.0 1
729 498 0.0 1
498 772 0.0 1
772 498 0.0 1
499 626 0.0 1
626 499 0.0 1
499 1024 0.0 1
1024 499 0.0 1
499 1477 0.0 1
1477 499 0.0 1
500 764 0.0 1
764 500 0.0 1
502 1879 0.0 1
1879 502 0.0 1
503 758 0.0 1
758 503 0.0 1
506 547 0.0 1
547 506 0.0 1
506 874 0.0 1
874 506 0.0 1
506 1296 0.0 1
1296 506 0.0 1
506 1970 0.0 1
1970 506 0.0 1
509 529 0.0 1
529 509 0.0 1
509 561 0.0 1
561 509 0.0 1
509 773 0.0 1
773 509 0.0 1
509 926 0.0 1
926 509 0.0 1
509 1452 0.0 1
1452 509 0.0 1
509 1682 0.0 1
1682 509 0.0 1
509 1932 0.0 1
1932 509 0.0 1
510 1783 0.0 1
1783 510 0.0 1
517 820 0.0 1
820 517 0.0 1
517 1501 0.0 1
1501 517 0.0 1
522 818 0.0 1
818 522 0.0 1
522 1260 0.0 1
1260 522 0.0 1
522 1576 0.0 1
1576 522 0.0 1
522 1656 0.0 1
1656 522 0.0 1
522 1910 0.0 1
1910 522 0.0 1
523 652 0.0 1
652 523 0.0 1
523 814 0.0 1
814 523 0.0 1
523 1610 0.0 1
1610 523 0.0 1
529 1202 0.0 1
1202 529 0.0 1
532 1090 0.0 1
1090 532 0.0 1
532 1665 0.0 1
1665 532 0.0 1
533 755 0.0 1
755 533 0.0 1
535 728 0.0 1
728 535 0.0 1
536 1006 0.0 1
1006 536 0.0 1
536 1374 0.0 1
1374 536 0.0 1
540 546 0.0 1
546 540 0.0 1
540 594 0.0 1
594 540 0.0 1
540 784 0.0 1
784 540 0.0 1
540 1070 0.0 1
1070 540 0.0 1
540 1170 0.0 1
1170 540 0.0 1
540 1440 0.0 1
1440 540 0.0 1
540 1572 0.0 1
1572 540 0.0 1
540 1831 0.0 1
1831 540 0.0 1
547 700 0.0 1
700 547 0.0 1
548 732 0.0 1
732 548 0.0 1
548 992 0.0 1
992 548 0.0 1
549 1317 0.0 1
1317 549 0.0 1
549 1619 0.0 1
1619 549 0.0 1
553 590 0.0 1
590 553 0.0 1
553 714 0.0 1
714 553 0.0 1
553 830 0.0 1
830 553 0.0 1
553 930 0.0 1
930 553 0.0 1
553 1078 0.0 1
1078 553 0.0 1
553 1414 0.0 1
1414 553 0.0 1
555 1048 0.0 1
1048 555 0.0 1
558 1238 0.0 1
1238 558 0.0 1
558 1944 0.0 1
1944 558 0.0 1
560 1492 0.0 1
1492 560 0.0 1
562 1067 0.0 1
1067 562 0.0 1
562 1139 0.0 1
1139 562 0.0 1
562 1327 0.0 1
1327 562 0.0 1
563 1027 0.0 1
1027 563 0.0 1
564 1190 0.0 1
1190 564 0.0 1
565 1294 0.0 1
1294 565 0.0 1
565 1385 0.0 1
1385 565 0.0 1
566 664 0.0 1
664 566 0.0 1
566 856 0.0 1
856 566 0.0 1
566 1488 0.0 1
1488 566 0.0 1
566 1575 0.0 1
1575 566 0.0 1
566 1948 0.0 1
1948 566 0.0 1
567 850 0.0 1
850 567 0.0 1
567 878 0.0 1
878 567 0.0 1
568 688 0.0 1
688 568 0.0 1
568 1187 0.0 1
1187 568 0.0 1
569 709 0.0 1
709 569 0.0 1
570 628 0.0 1
628 570 0.0 1
570 1819 0.0 1
1819 570 0.0 1
570 1961 0.0 1
1961 570 0.0 1
571 572 0.0 1
572 571 0.0 1
571 805 0.0 1
805 571 0.0 1
571 1403 0.0 1
1403 571 0.0 1
571 1855 0.0 1
1855 571 0.0 1
573 1017 0.0 1
1017 573 0.0 1
573 1215 0.0 1
1215 573 0.0 1
573 1436 0.0 1
1436 573 0.0 1
575 968 0.0 1
968 575 0.0 1
575 1088 0.0 1
1088 575 0.0 1
578 1775 0.0 1
1775 578 0.0 1
578 1939 0.0 1
1939 578 0.0 1
580 1461 0.0 1
1461 580 0.0 1
581 655 0.0 1
655 581 0.0 1
583 689 0.0 1
689 583 0.0 1
583 1212 0.0 1
1212 583 0.0 1
587 1750 0.0 1
1750 587 0.0 1
588 739 0.0 1
739 588 0.0 1
588 918 0.0 1
918 588 0.0 1
588 1726 0.0 1
1726 588 0.0 1
591 958 0.0 1
958 591 0.0 1
591 1766 0.0 1
1766 591 0.0 1
594 1184 0.0 1
1184 594 0.0 1
597 736 0.0 1
736 597 0.0 1
597 1369 0.0 1
1369 597 0.0 1
599 1588 0.0 1
1588 599 0.0 1
601 711 0.0 1
711 601 0.0 1
601 1356 0.0 1
1356 601 0.0 1
602 750 0.0 1
750 602 0.0 1
603 1372 0.0 1
1372 603 0.0 1
605 979 0.0 1
979 605 0.0 1
608 651 0.0 1
651 608 0.0 1
608 954 0.0 1
954 608 0.0 1
609 1342 0.0 1
1342 609 0.0 1
611 1758 0.0 1
1758 611 0.0 1
611 1959 0.0 1
1959 611 0.0 1
613 682 0.0 1
682 613 0.0 1
613 727 0.0 1
727 613 0.0 1
616 1973 0.0 1
1973 616 0.0 1
617 953 0.0 1
953 617 0.0 1
620 939 0.0 1
939 620 0.0 1
625 1147 0.0 1
1147 625 0.0 1
626 718 0.0 1
718 626 0.0 1
626 1677 0.0 1
1677 626 0.0 1
626 1723 0.0 1
1723 626 0.0 1
626 1739 0.0 1
1739 626 0.0 1
626 1863 0.0 1
1863 626 0.0 1
628 677 0.0 1
677 628 0.0 1
629 806 0.0 1
806 629 0.0 1
629 1858 0.0 1
1858 629 0.0 1
630 1555 0.0 1
1555 630 0.0 1
631 640 0.0 1
640 631 0.0 1
631 1683 0.0 1
1683 631 0.0 1
634 1167 0.0 1
1167 634 0.0 1
635 1435 0.0 1
1435 635 0.0 1
635 1856 0.0 1
1856 635 0.0 1
635 1901 0.0 1
1901 635 0.0 1
642 648 0.0 1
648 642 0.0 1
642 776 0.0 1
776 642 0.0 1
642 799 0.0 1
799 642 0.0 1
642 1093 0.0 1
1093 642 0.0 1
642 1630 0.0 1
1630 642 0.0 1
642 1688 0.0 1
1688 642 0.0 1
646 862 0.0 1
862 646 0.0 1
646 1949 0.0 1
1949 646 0.0 1
647 687 0.0 1
687 647 0.0 1
647 987 0.0 1
987 647 0.0 1
647 1761 0.0 1
1761 647 0.0 1
649 822 0.0 1
822 649 0.0 1
649 986 0.0 1
986 649 0.0 1
650 910 0.0 1
910 650 0.0 1
658 798 0.0 1
798 658 0.0 1
658 1185 0.0 1
1185 658 0.0 1
658 1479 0.0 1
1479 658 0.0 1
662 695 0.0 1
695 662 0.0 1
662 1235 0.0 1
1235 662 0.0 1
664 1560 0.0 1
1560 664 0.0 1
664 1965 0.0 1
1965 664 0.0 1
667 1101 0.0 1
1101 667 0.0 1
669 956 0.0 1
956 669 0.0 1
670 1333 0.0 1
1333 670 0.0 1
670 1755 0.0 1
1755 670 0.0 1
673 730 0.0 1
730 673 0.0 1
674 969 0.0 1
969 674 0.0 1
679 766 0.0 1
766 679 0.0 1
680 1250 0.0 1
1250 680 0.0 1
684 1429 0.0 1
1429 684 0.0 1
686 948 0.0 1
948 686 0.0 1
686 1517 0.0 1
1517 686 0.0 1
686 1719 0.0 1
1719 686 0.0 1
687 1678 0.0 1
1678 687 0.0 1
690 1476 0.0 1
1476 690 0.0 1
692 804 0.0 1
804 692 0.0 1
694 961 0.0 1
961 694 0.0 1
695 1050 0.0 1
1050 695 0.0 1
700 1000 0.0 1
1000 700 0.0 1
700 1079 0.0 1
1079 700 0.0 1
701 725 0.0 1
725 701 0.0 1
701 858 0.0 1
858 701 0.0 1
701 1304 0.0 1
1304 701 0.0 1
701 1338 0.0 1
1338 701 0.0 1
701 1365 0.0 1
1365 701 0.0 1
706 1077 0.0 1
1077 706 0.0 1
706 1614 0.0 1
1614 706 0.0 1
709 917 0.0 1
917 709 0.0 1
713 1261 0.0 1
1261 713 0.0 1
714 1251 0.0 1
1251 714 0.0 1
717 1324 0.0 1
1324 717 0.0 1
719 1220 0.0 1
1220 719 0.0 1
720 869 0.0 1
869 720 0.0 1
721 1850 0.0 1
1850 721 0.0 1
732 1269 0.0 1
1269 732 0.0 1
732 1350 0.0 1
1350 732 0.0 1
736 1205 0.0 1
1205 736 0.0 1
737 1293 0.0 1
1293 737 0.0 1
738 1055 0.0 1
1055 738 0.0 1
740 810 0.0 1
810 740 0.0 1
743 1718 0.0 1
1718 743 0.0 1
747 1105 0.0 1
1105 747 0.0 1
750 1303 0.0 1
1303 750 0.0 1
751 1559 0.0 1
1559 751 0.0 1
752 828 0.0 1
828 752 0.0 1
752 920 0.0 1
920 752 0.0 1
754 1239 0.0 1
1239 754 0.0 1
755 964 0.0 1
964 755 0.0 1
756 1141 0.0 1
1141 756 0.0 1
760 1123 0.0 1
1123 760 0.0 1
760 1920 0.0 1
1920 760 0.0 1
761 1030 0.0 1
1030 761 0.0 1
761 1032 0.0 1
1032 761 0.0 1
761 1097 0.0 1
1097 761 0.0 1
761 1567 0.0 1
1567 761 0.0 1
762 1068 0.0 1
1068 762 0.0 1
762 1172 0.0 1
1172 762 0.0 1
762 1189 0.0 1
1189 762 0.0 1
762 1455 0.0 1
1455 762 0.0 1
762 1728 0.0 1
1728 762 0.0 1
763 781 0.0 1
781 763 0.0 1
763 932 0.0 1
932 763 0.0 1
763 1291 0.0 1
1291 763 0.0 1
763 1617 0.0 1
1617 763 0.0 1
768 852 0.0 1
852 768 0.0 1
768 1824 0.0 1
1824 768 0.0 1
769 1390 0.0 1
1390 769 0.0 1
770 1253 0.0 1
1253 770 0.0 1
773 1940 0.0 1
1940 773 0.0 1
778 1111 0.0 1
1111 778 0.0 1
779 929 0.0 1
929 779 0.0 1
779 947 0.0 1
947 779 0.0 1
779 1569 0.0 1
1569 779 0.0 1
781 1131 0.0 1
1131 781 0.0 1
781 1732 0.0 1
1732 781 0.0 1
782 1794 0.0 1
1794 782 0.0 1
782 1981 0.0 1
1981 782 0.0 1
783 1806 0.0 1
1806 783 0.0 1
787 911 0.0 1
911 787 0.0 1
787 1098 0.0 1
1098 787 0.0 1
787 1120 0.0 1
1120 787 0.0 1
787 1328 0.0 1
1328 787 0.0 1
794 1119 0.0 1
1119 794 0.0 1
796 1784 0.0 1
1784 796 0.0 1
800 857 0.0 1
857 800 0.0 1
801 1014 0.0 1
1014 801 0.0 1
807 1470 0.0 1
1470 807 0.0 1
807 1591 0.0 1
1591 807 0.0 1
808 1707 0.0 1
1707 808 0.0 1
809 1268 0.0 1
1268 809 0.0 1
812 1231 0.0 1
1231 812 0.0 1
817 1597 0.0 1
1597 817 0.0 1
817 1911 0.0 1
1911 817 0.0 1
817 1980 0.0 1
1980 817 0.0 1
818 1001 0.0 1
1001 818 0.0 1
819 995 0.0 1
995 819 0.0 1
820 904 0.0 1
904 820 0.0 1
825 849 0.0 1
849 825 0.0 1
825 1922 0.0 1
1922 825 0.0 1
826 1465 0.0 1
1465 826 0.0 1
829 1760 0.0 1
1760 829 0.0 1
832 1229 0.0 1
1229 832 0.0 1
832 1916 0.0 1
1916 832 0.0 1
833 1583 0.0 1
1583 833 0.0 1
834 1203 0.0 1
1203 834 0.0 1
834 1650 0.0 1
1650 834 0.0 1
834 1654 0.0 1
1654 834 0.0 1
838 1281 0.0 1
1281 838 0.0 1
838 1474 0.0 1
1474 838 0.0 1
843 1524 0.0 1
1524 843 0.0 1
843 1655 0.0 1
1655 843 0.0 1
843 1933 0.0 1
1933 843 0.0 1
845 1878 0.0 1
1878 845 0.0 1
848 988 0.0 1
988 848 0.0 1
848 1353 0.0 1
1353 848 0.0 1
854 944 0.0 1
944 854 0.0 1
854 1420 0.0 1
1420 854 0.0 1
854 1791 0.0 1
1791 854 0.0 1
855 1230 0.0 1
1230 855 0.0 1
864 1846 0.0 1
1846 864 0.0 1
865 1112 0.0 1
1112 865 0.0 1
865 1255 0.0 1
1255 865 0.0 1
867 1132 0.0 1
1132 867 0.0 1
871 1028 0.0 1
1028 871 0.0 1
874 1284 0.0 1
1284 874 0.0 1
881 1384 0.0 1
1384 881 0.0 1
882 983 0.0 1
983 882 0.0 1
882 1380 0.0 1
1380 882 0.0 1
883 1543 0.0 1
1543 883 0.0 1
890 1905 0.0 1
1905 890 0.0 1
896 1401 0.0 1
1401 896 0.0 1
903 1730 0.0 1
1730 903 0.0 1
907 1242 0.0 1
1242 907 0.0 1
907 1347 0.0 1
1347 907 0.0 1
908 1525 0.0 1
1525 908 0.0 1
911 934 0.0 1
934 911 0.0 1
911 1387 0.0 1
1387 911 0.0 1
912 1765 0.0 1
1765 912 0.0 1
913 951 0.0 1
951 913 0.0 1
914 1114 0.0 1
1114 914 0.0 1
915 1322 0.0 1
1322 915 0.0 1
916 1724 0.0 1
1724 916 0.0 1
918 1016 0.0 1
1016 918 0.0 1
926 1604 0.0 1
1604 926 0.0 1
935 1684 0.0 1
1684 935 0.0 1
937 1159 0.0 1
1159 937 0.0 1
945 1337 0.0 1
1337 945 0.0 1
945 1593 0.0 1
1593 945 0.0 1
949 1314 0.0 1
1314 949 0.0 1
952 1199 0.0 1
1199 952 0.0 1
952 1240 0.0 1
1240 952 0.0 1
952 1893 0.0 1
1893 952 0.0 1
956 1222 0.0 1
1222 956 0.0 1
960 1042 0.0 1
1042 960 0.0 1
964 1447 0.0 1
1447 964 0.0 1
964 1551 0.0 1
1551 964 0.0 1
967 1049 0.0 1
1049 967 0.0 1
969 1019 0.0 1
1019 969 0.0 1
969 1330 0.0 1
1330 969 0.0 1
970 1641 0.0 1
1641 970 0.0 1
976 1697 0.0 1
1697 976 0.0 1
979 1796 0.0 1
1796 979 0.0 1
981 1134 0.0 1
1134 981 0.0 1
982 1116 0.0 1
1116 982 0.0 1
983 1423 0.0 1
1423 983 0.0 1
984 1756 0.0 1
1756 984 0.0 1
987 1033 0.0 1
1033 987 0.0 1
989 1221 0.0 1
1221 989 0.0 1
1006 1674 0.0 1
1674 1006 0.0 1
1012 1974 0.0 1
1974 1012 0.0 1
1018 1564 0.0 1
1564 1018 0.0 1
1019 1599 0.0 1
1599 1019 0.0 1
1020 1298 0.0 1
1298 1020 0.0 1
1021 1463 0.0 1
1463 1021 0.0 1
1025 1736 0.0 1
1736 1025 0.0 1
1025 1852 0.0 1
1852 1025 0.0 1
1026 1331 0.0 1
1331 1026 0.0 1
1030 1626 0.0 1
1626 1030 0.0 1
1032 1777 0.0 1
1777 1032 0.0 1
1034 1169 0.0 1
1169 1034 0.0 1
1040 1587 0.0 1
1587 1040 0.0 1
1041 1059 0.0 1
1059 1041 0.0 1
1045 1192 0.0 1
1192 1045 0.0 1
1046 1191 0.0 1
1191 1046 0.0 1
1053 1381 0.0 1
1381 1053 0.0 1
1053 1389 0.0 1
1389 1053 0.0 1
1055 1548 0.0 1
1548 1055 0.0 1
1057 1646 0.0 1
1646 1057 0.0 1
1061 1681 0.0 1
1681 1061 0.0 1
1063 1636 0.0 1
1636 1063 0.0 1
1064 1084 0.0 1
1084 1064 0.0 1
1064 1301 0.0 1
1301 1064 0.0 1
1064 1497 0.0 1
1497 1064 0.0 1
1068 1985 0.0 1
1985 1068 0.0 1
1068 1999 0.0 1
1999 1068 0.0 1
1071 1774 0.0 1
1774 1071 0.0 1
1072 1145 0.0 1
1145 1072 0.0 1
1073 1489 0.0 1
1489 1073 0.0 1
1073 1900 0.0 1
1900 1073 0.0 1
1074 1370 0.0 1
1370 1074 0.0 1
1076 1107 0.0 1
1107 1076 0.0 1
1077 1339 0.0 1
1339 1077 0.0 1
1077 1710 0.0 1
1710 1077 0.0 1
1079 1512 0.0 1
1512 1079 0.0 1
1083 1923 0.0 1
1923 1083 0.0 1
1085 1316 0.0 1
1316 1085 0.0 1
1090 1574 0.0 1
1574 1090 0.0 1
1091 1484 0.0 1
1484 1091 0.0 1
1092 1244 0.0 1
1244 1092 0.0 1
1092 1453 0.0 1
1453 1092 0.0 1
1103 1921 0.0 1
1921 1103 0.0 1
1104 1738 0.0 1
1738 1104 0.0 1
1104 1897 0.0 1
1897 1104 0.0 1
1105 1833 0.0 1
1833 1105 0.0 1
1108 1150 0.0 1
1150 1108 0.0 1
1111 1300 0.0 1
1300 1111 0.0 1
1114 1246 0.0 1
1246 1114 0.0 1
1114 1382 0.0 1
1382 1114 0.0 1
1114 1634 0.0 1
1634 1114 0.0 1
1114 1871 0.0 1
1871 1114 0.0 1
1116 1711 0.0 1
1711 1116 0.0 1
1118 1715 0.0 1
1715 1118 0.0 1
1122 1273 0.0 1
1273 1122 0.0 1
1125 1763 0.0 1
1763 1125 0.0 1
1126 1289 0.0 1
1289 1126 0.0 1
1128 1580 0.0 1
1580 1128 0.0 1
1128 1881 0.0 1
1881 1128 0.0 1
1129 1352 0.0 1
1352 1129 0.0 1
1134 1208 0.0 1
1208 1134 0.0 1
1137 1209 0.0 1
1209 1137 0.0 1
1140 1232 0.0 1
1232 1140 0.0 1
1140 1925 0.0 1
1925 1140 0.0 1
1142 1799 0.0 1
1799 1142 0.0 1
1142 1842 0.0 1
1842 1142 0.0 1
1142 1884 0.0 1
1884 1142 0.0 1
1142 1913 0.0 1
1913 1142 0.0 1
1146 1531 0.0 1
1531 1146 0.0 1
1148 1964 0.0 1
1964 1148 0.0 1
1152 1936 0.0 1
1936 1152 0.0 1
1155 1483 0.0 1
1483 1155 0.0 1
1155 1526 0.0 1
1526 1155 0.0 1
1159 1421 0.0 1
1421 1159 0.0 1
1159 1643 0.0 1
1643 1159 0.0 1
1159 1865 0.0 1
1865 1159 0.0 1
1160 1326 0.0 1
1326 1160 0.0 1
1168 1278 0.0 1
1278 1168 0.0 1
1169 1211 0.0 1
1211 1169 0.0 1
1175 1506 0.0 1
1506 1175 0.0 1
1192 1989 0.0 1
1989 1192 0.0 1
1209 1927 0.0 1
1927 1209 0.0 1
1211 1638 0.0 1
1638 1211 0.0 1
1215 1644 0.0 1
1644 1215 0.0 1
1219 1869 0.0 1
1869 1219 0.0 1
1225 1323 0.0 1
1323 1225 0.0 1
1234 1675 0.0 1
1675 1234 0.0 1
1234 1821 0.0 1
1821 1234 0.0 1
1235 1639 0.0 1
1639 1235 0.0 1
1237 1377 0.0 1
1377 1237 0.0 1
1238 1828 0.0 1
1828 1238 0.0 1
1240 1859 0.0 1
1859 1240 0.0 1
1246 1295 0.0 1
1295 1246 0.0 1
1246 1714 0.0 1
1714 1246 0.0 1
1251 1830 0.0 1
1830 1251 0.0 1
1260 1640 0.0 1
1640 1260 0.0 1
1265 1951 0.0 1
1951 1265 0.0 1
1280 1606 0.0 1
1606 1280 0.0 1
1283 1292 0.0 1
1292 1283 0.0 1
1287 1826 0.0 1
1826 1287 0.0 1
1291 1473 0.0 1
1473 1291 0.0 1
1291 1803 0.0 1
1803 1291 0.0 1
1297 1394 0.0 1
1394 1297 0.0 1
1298 1408 0.0 1
1408 1298 0.0 1
1299 1903 0.0 1
1903 1299 0.0 1
1309 1624 0.0 1
1624 1309 0.0 1
1310 1458 0.0 1
1458 1310 0.0 1
1312 1885 0.0 1
1885 1312 0.0 1
1319 1468 0.0 1
1468 1319 0.0 1
1329 1491 0.0 1
1491 1329 0.0 1
1330 1836 0.0 1
1836 1330 0.0 1
1331 1514 0.0 1
1514 1331 0.0 1
1331 1648 0.0 1
1648 1331 0.0 1
1331 1868 0.0 1
1868 1331 0.0 1
1333 1445 0.0 1
1445 1333 0.0 1
1340 1631 0.0 1
1631 1340 0.0 1
1343 1822 0.0 1
1822 1343 0.0 1
1343 1994 0.0 1
1994 1343 0.0 1
1351 1523 0.0 1
1523 1351 0.0 1
1361 1432 0.0 1
1432 1361 0.0 1
1374 1443 0.0 1
1443 1374 0.0 1
1407 1410 0.0 1
1410 1407 0.0 1
1414 1686 0.0 1
1686 1414 0.0 1
1420 1810 0.0 1
1810 1420 0.0 1
1429 1500 0.0 1
1500 1429 0.0 1
1429 1623 0.0 1
1623 1429 0.0 1
1441 1659 0.0 1
1659 1441 0.0 1
1454 1926 0.0 1
1926 1454 0.0 1
1456 1782 0.0 1
1782 1456 0.0 1
1459 1549 0.0 1
1549 1459 0.0 1
1463 1849 0.0 1
1849 1463 0.0 1
1466 1820 0.0 1
1820 1466 0.0 1
1469 1689 0.0 1
1689 1469 0.0 1
1491 1528 0.0 1
1528 1491 0.0 1
1498 1653 0.0 1
1653 1498 0.0 1
1504 1507 0.0 1
1507 1504 0.0 1
1505 1628 0.0 1
1628 1505 0.0 1
1505 1954 0.0 1
1954 1505 0.0 1
1511 1937 0.0 1
1937 1511 0.0 1
1513 1847 0.0 1
1847 1513 0.0 1
1528 1967 0.0 1
1967 1528 0.0 1
1531 1746 0.0 1
1746 1531 0.0 1
1535 1733 0.0 1
1733 1535 0.0 1
1543 1642 0.0 1
1642 1543 0.0 1
1543 1776 0.0 1
1776 1543 0.0 1
1544 1745 0.0 1
1745 1544 0.0 1
1552 1801 0.0 1
1801 1552 0.0 1
1552 1947 0.0 1
1947 1552 0.0 1
1559 1671 0.0 1
1671 1559 0.0 1
1563 1950 0.0 1
1950 1563 0.0 1
1564 1669 0.0 1
1669 1564 0.0 1
1568 1909 0.0 1
1909 1568 0.0 1
1579 1612 0.0 1
1612 1579 0.0 1
1580 1781 0.0 1
1781 1580 0.0 1
1583 1827 0.0 1
1827 1583 0.0 1
1590 1918 0.0 1
1918 1590 0.0 1
1602 1657 0.0 1
1657 1602 0.0 1
1605 1854 0.0 1
1854 1605 0.0 1
1614 1870 0.0 1
1870 1614 0.0 1
1625 1687 0.0 1
1687 1625 0.0 1
1628 1924 0.0 1
1924 1628 0.0 1
1638 1778 0.0 1
1778 1638 0.0 1
1654 1930 0.0 1
1930 1654 0.0 1
1656 1983 0.0 1
1983 1656 0.0 1
1672 1917 0.0 1
1917 1672 0.0 1
1685 1894 0.0 1
1894 1685 0.0 1
1712 1843 0.0 1
1843 1712 0.0 1
1713 1751 0.0 1
1751 1713 0.0 1
1716 1800 0.0 1
1800 1716 0.0 1
1719 1998 0.0 1
1998 1719 0.0 1
1724 1752 0.0 1
1752 1724 0.0 1
1760 1991 0.0 1
1991 1760 0.0 1
1768 1919 0.0 1
1919 1768 0.0 1
1803 1823 0.0 1
1823 1803 0.0 1
1803 1834 0.0 1
1834 1803 0.0 1
1804 1975 0.0 1
1975 1804 0.0 1
1890 1966 0.0 1
1966 1890 0.0 1
1900 1915 0.0 1
1915 1900 0.0 1
1948 1993 0.0 1
1993 1948 0.0 1
