3783 24186
etaMuSum_centrality
0 236.1884746371641
1 1300.7817877944356
2 699.4307347218544
3 75.80362811791416
4 793.8235183187999
5 1487.06521969147
6 470.4371241742424
7 347.9884746371637
8 648.1505470656541
9 486.6266189670626
10 656.4010790253008
11 439.1795089325219
12 377.73644626809573
13 984.4969609168224
14 497.7347035845516
15 340.3387066516029
16 994.803767817425
17 1260.8947400818124
18 454.2068171983986
19 403.901905952652
20 564.563520558863
21 370.0548510595405
22 584.4568785879729
23 753.11540131394
24 547.8678132608845
25 454.7596589150698
26 327.0692247921325
27 598.5967595856947
28 489.0926279555374
29 387.9968569275273
30 299.2722773500637
31 801.0953880290261
32 97.1703196341345
33 755.6717354648645
34 362.2569232942117
35 531.9431291898682
36 337.83452255288324
37 448.1450085659848
38 390.9745521094651
39 463.46352488019124
40 476.8749729384451
41 205.3757575757561
42 808.0210232263613
43 304.7129056991248
44 636.1884746371617
45 636.1884746371617
46 774.5558685728893
47 652.389174043941
48 331.26719555842163
49 641.1044871526876
50 384.5218079704972
51 638.7849548430113
52 533.793305646415
53 324.13478717668573
54 462.9265612729125
55 444.15889334247197
56 849.4554865419477
57 1000.4770635948041
58 415.36037043047565
59 1350.3464987201992
60 1068.7379438116907
61 629.9623924985397
62 342.09811414847195
63 364.3785997616331
64 633.8708303278303
65 468.7634854533952
66 470.7090166856308
67 474.08786488959004
68 306.41639068195747
69 642.9726511157412
70 335.13894099331515
71 1154.8502442657684
72 483.2905741378145
73 730.490633588545
74 367.14854139263986
75 355.51656256592946
76 315.08613370078956
77 399.9999999999976
78 399.9999999999976
79 399.9999999999976
80 807.8482104674742
81 595.3917699145628
82 320.3610541080562
83 439.18847463716537
84 751.5756028531387
85 439.92460718836185
86 652.2831849003128
87 495.50466852387103
88 167.23206751054755
89 781.4425568892004
90 412.83964282089414
91 382.3303848535495
92 736.8429684498261
93 545.261094186869
94 329.81715830234384
95 399.9999999999976
96 662.3734204213845
97 427.5089012571313
98 149.61403508771895
99 651.1742116250382
100 342.8904302224866
101 635.1174821448163
102 351.7414330072735
103 175.27362124426855
104 429.0872088143776
105 399.9999999999976
106 404.7041690563201
107 473.9503622325778
108 520.0077154620016
109 165.56540084388084
110 399.9999999999976
111 636.1884746371617
112 636.1884746371617
113 636.1884746371617
114 659.1113681711832
115 425.09615560495706
116 376.5456174943079
117 644.1843602765613
118 152.4282961546736
119 448.4908196303377
120 452.5015370052042
121 760.6191672704334
122 349.25536836336863
123 668.5864131933388
124 60.49333333333318
125 636.1884746371617
126 638.9293716580781
127 402.3259967509633
128 462.2605642668685
129 323.5735678048663
130 695.1431247066339
131 70.08915090128464
132 660.8441678624629
133 285.73939038808015
134 636.1884746371617
135 407.6870441329365
136 239.16871603704408
137 70.53246753246853
138 646.8708832772492
139 392.9531805195166
140 644.4700157735311
141 484.47758161022165
142 489.89658999975313
143 511.7225132447044
144 107.56772039323964
145 383.52957424865053
146 515.77453821678
147 96.1814151113405
148 659.6871971841581
149 183.05128205128253
150 644.0448280691525
151 413.2237712817983
152 209.87510330950374
153 641.449695288331
154 147.99999999999974
155 399.9999999999976
156 528.7506979851953
157 286.68450638319587
158 457.3980916142312
159 641.1003890989155
160 353.63251471850856
161 371.78180797049805
162 704.6572429358248
163 398.81592746739364
164 606.0309078662945
165 88.62156826821621
166 724.4933907049297
167 350.64741524441723
168 379.8551413038305
169 636.1884746371617
170 636.1884746371617
171 636.1884746371617
172 659.9274281185658
173 179.15043485748637
174 402.1500863701464
175 524.0388841838349
176 403.91637062482357
177 567.6519249186501
178 366.75444385313403
179 707.503474905051
180 240.6586985391752
181 650.1718067783289
182 447.8708203731791
183 347.5391526537911
184 453.12180797049865
185 636.1884746371617
186 700.3308461048807
187 86.90151319931948
188 475.1500524205778
189 521.4114531302464
190 569.0560229607867
191 651.0988513986181
192 341.5859610459097
193 424.0947246371635
194 402.8507138690349
195 440.18847463716537
196 640.8227935599125
197 515.3373790561724
198 563.6805065096725
199 399.9999999999976
200 636.1884746371617
201 714.581106968018
202 438.77672372250925
203 436.3534231763394
204 401.54362994447945
205 678.82142224073
206 422.5728735253107
207 627.4034850027535
208 231.8206033010801
209 734.4926649259758
210 764.1946640203437
211 421.1843108459532
212 386.0372756911822
213 674.5622348015488
214 193.6041666666664
215 636.1884746371617
216 399.9999999999976
217 661.3772837897532
218 57.492006543399015
219 86.59999999999965
220 408.9506132781501
221 149.33333333333294
222 708.8853016108446
223 178.7420318725091
224 637.1884746371617
225 762.7584457680246
226 81.6336283843163
227 762.591416322264
228 426.8974982000228
229 412.93050650967325
230 636.1884746371617
231 399.9999999999976
232 685.2170542216005
233 397.7956834415893
234 445.3477894048367
235 445.6884746371653
236 683.1169902141845
237 417.1884746371629
238 777.8789763860826
239 52.668741439379325
240 798.3119942551953
241 111.0248049817538
242 1022.5736758404219
243 326.40939411397835
244 362.21411566280534
245 835.2096965424237
246 377.09778392191026
247 212.50000000000105
248 202.50000000000125
249 491.5914308616111
250 370.1857311857873
251 1037.5777696943471
252 423.7681627865695
253 413.0411540927849
254 468.6562693907791
255 516.6555734363106
256 589.2399735411456
257 321.7566390848907
258 636.1884746371617
259 636.1884746371617
260 473.2700106545723
261 525.7634374583696
262 92.60924071035677
263 653.5233194357222
264 339.1248998323053
265 481.6884746371661
266 657.3135373452039
267 717.6930206255282
268 79.52648227742147
269 984.9934209207198
270 440.0435681372423
271 363.1057852296119
272 311.9218079704975
273 679.9439350411756
274 203.50000000000125
275 434.5691974484812
276 457.4303975294415
277 502.2663950332904
278 821.5755100914055
279 626.7078787265737
280 318.23871773837055
281 148.73913043478234
282 399.9999999999976
283 659.4444474435813
284 376.5708275783413
285 399.9999999999976
286 759.9676669113574
287 327.07022459675346
288 475.10622394233746
289 195.6539211537535
290 360.52342865270435
291 655.2702626466505
292 335.2490155590644
293 305.2120040489287
294 636.1884746371617
295 679.2041280377814
296 404.7356385948215
297 483.07612011536975
298 306.82182969582357
299 672.2792065241129
300 84.19642857142821
301 399.9999999999976
302 399.9999999999976
303 636.1884746371617
304 832.6864324115728
305 359.54477295133665
306 111.9027777777785
307 1068.6757849793871
308 154.42566518787615
309 917.1075180814319
310 363.29225006159083
311 244.9242784350533
312 410.9708379528598
313 675.9074373870008
314 112.45182194616989
315 682.314446760711
316 71.34733893557444
317 636.1884746371617
318 636.1884746371617
319 714.4402427652892
320 358.0875549910345
321 394.0403786359928
322 98.59999999999928
323 756.4746971866366
324 488.8552520717503
325 89.54783950617251
326 645.866528832612
327 132.41841759500076
328 493.156200331288
329 483.1326753933074
330 346.8741016736116
331 466.01340203029986
332 487.39996561559565
333 645.898083444952
334 400.0383000740494
335 407.52314547738376
336 332.88428744504665
337 666.6135078875664
338 602.9203242442173
339 91.4899359382918
340 1016.8136350641964
341 337.502937350577
342 191.75175092833237
343 485.79606295073506
344 397.00332927620616
345 397.93094884653533
346 689.2549924446942
347 433.2210715977948
348 213.4130434782621
349 654.4336281389101
350 255.93976632052258
351 401.68605917822674
352 697.8414160334639
353 463.35224135191584
354 401.9140885065684
355 382.3106676601054
356 733.139535990565
357 344.7390267412189
358 636.1884746371617
359 819.5855399958677
360 332.7665305518296
361 468.2782485595223
362 655.7314376372876
363 418.5730672713321
364 303.3029556650246
365 425.0390670392057
366 292.496273364912
367 636.1884746371617
368 224.20962966679383
369 508.13147225878964
370 172.92592592592496
371 707.1276904260435
372 420.00678254285316
373 399.9999999999976
374 636.1884746371617
375 636.1884746371617
376 457.21143201454703
377 355.47882828394347
378 451.17612862959584
379 430.2019289188595
380 426.4125723355441
381 391.20578572234996
382 217.0000000000012
383 640.0305633561775
384 441.1884746371653
385 422.0465776056147
386 486.6472375237637
387 690.5352965275392
388 839.3163749036963
389 326.7777953791582
390 665.5938572785251
391 190.6021331611718
392 486.6472375237637
393 399.9999999999976
394 701.2922801305115
395 409.0434995214781
396 483.6232572458615
397 1070.1008773542221
398 80.15312912889685
399 636.1884746371617
400 757.749463849244
401 106.841255007154
402 636.1884746371617
403 666.1602349080961
404 523.5660748180701
405 329.43319394771294
406 399.9999999999976
407 797.7185297998931
408 458.2269722486817
409 156.58778594862105
410 668.5918510336412
411 1094.0534182274582
412 117.23697728588677
413 813.8770533567642
414 385.21487644253074
415 425.63043075071573
416 410.32637458891475
417 216.0000000000011
418 399.9999999999976
419 399.9999999999976
420 658.4740396896666
421 528.9611933245474
422 715.0182317604304
423 491.87878554787915
424 321.199146438439
425 636.1884746371617
426 672.156077375119
427 461.97773051230996
428 484.2366574919498
429 352.4023362153432
430 424.7688248969282
431 133.99999999999966
432 399.9999999999976
433 636.1884746371617
434 673.6905162107437
435 97.38376288659806
436 419.76455053580895
437 506.7141595399946
438 431.73621997001555
439 463.19772804456386
440 155.8029556650246
441 642.5966047184626
442 446.7798760888683
443 205.0000000000012
444 652.1759021612181
445 415.35813961174085
446 390.8551413038306
447 638.6884746371617
448 917.1226985567356
449 97.2209918916414
450 645.1629142884511
451 347.9384746371648
452 636.1884746371617
453 643.9610568676651
454 208.00000000000128
455 875.8972773579106
456 363.39949323455437
457 356.82942957733763
458 551.7898478333783
459 311.07544894726277
460 162.29251700680257
461 636.1884746371617
462 408.1921940786232
463 421.0857773970664
464 120.52536520584204
465 775.6967592178005
466 347.73071400783664
467 542.0795029325429
468 205.5000000000012
469 399.9999999999976
470 645.6249085124032
471 345.9884746371647
472 424.4253363902093
473 195.2125137082697
474 341.0142230868394
475 421.53662145185643
476 391.38295636449146
477 339.55990320859405
478 691.0833432979101
479 297.65627122156565
480 481.1895708981473
481 1062.2600971716258
482 494.47662950007015
483 394.7189559792545
484 402.51439611919284
485 361.12906933658235
486 620.472535946751
487 1466.9367256201879
488 228.3400003544917
489 -398.0000000000024
490 -213.83304843304867
491 -98.95841137795551
492 280.2001455307116
493 430.9427760327328
494 307.92720322876824
495 74.47228232396967
496 50.30811556982792
497 351.8014835148381
498 120.2465957553518
499 517.8950690116922
500 744.3790306665068
501 885.0000778435352
502 715.5577663668727
503 320.80462021874774
504 63.24446922522993
505 -43.64801418290722
506 34.4833333333334
507 73.29604263894258
508 20.621740100022734
509 50.151775531404674
510 81.88310874741356
511 896.5335975414534
512 907.3507541861885
513 918.7797351421775
514 841.5628479430133
515 790.0440738371801
516 917.793539241045
517 649.3998809370637
518 625.9585200804287
519 936.7845936747578
520 625.8870148039257
521 869.7591494460387
522 121.77483014578875
523 628.0571474913068
524 599.6130980553105
525 398.3948076197141
526 401.2459855958732
527 439.85945467578375
528 293.20396360621896
529 452.4426260835404
530 418.64688782788704
531 311.78320326739805
532 203.68387922964968
533 120.86651778263968
534 211.2072655187132
535 163.06781470733415
536 254.43567284434687
537 271.57967184298207
538 246.10372315356759
539 125.52797717635168
540 131.25580260083493
541 261.38502907245186
542 311.26760674193554
543 254.42676323695588
544 84.35888988163589
545 66.29056655246528
546 305.33056148067425
547 93.4990216862114
548 339.69630537314305
549 436.85128106080316
550 287.69322263486595
551 293.4680315466553
552 334.2799789141186
553 101.39721311315061
554 46.36884488448849
555 102.7821782178219
556 138.82465453823966
557 160.02163060559064
558 310.40122497534753
559 63.98821732104931
560 358.42860194341876
561 104.59278206438638
562 179.00785040983638
563 191.55554139841445
564 111.04841984843463
565 178.27844804332676
566 54.55723321913198
567 138.49253664814387
568 174.0187594249323
569 337.1463390067582
570 109.88688749231719
571 323.15077402388397
572 54.89796583925119
573 164.6939429489451
574 222.1079458453649
575 141.39038401413842
576 238.44129685800823
577 344.104906479747
578 101.82458153223354
579 104.40932413574396
580 399.3497893999155
581 231.57660164541065
582 150.87849300402047
583 151.99107700244156
584 268.5493164608771
585 234.9411111538343
586 377.1011098627775
587 170.3962070849052
588 205.18032645543752
589 254.947565546868
590 179.96946053348316
591 82.12964490262674
592 59.54467268929442
593 326.0349869693271
594 149.58905679853362
595 960.3635614349712
596 169.5246187297013
597 274.6408281816048
598 182.9826633293225
599 57.17682388510582
600 213.33101029823624
601 409.00988419236114
602 146.10514238731875
603 129.6195474843076
604 37.74370402721226
605 32.52435320378498
606 76.96137861630142
607 89.09682336154592
608 18.20882482042286
609 -68.81712924716226
610 -20.49209038716188
611 16.16860178834734
612 9.35421810233314
613 -80.15502236060685
614 22.95935780090931
615 34.26251256281408
616 929.178245573592
617 114.82128822497074
618 24.9203774662722
619 172.8852350828219
620 719.5735344097578
621 396.86972977733797
622 504.07049076404917
623 145.75703276992905
624 35.4130001932216
625 79.3810324995511
626 386.3087243449117
627 259.3779291249423
628 141.5749912199968
629 81.62395077951767
630 135.80100845325268
631 48.01647494856235
632 196.4109900088976
633 91.10264685085872
634 140.1375253992939
635 57.950238037004944
636 59.76736389136327
637 59.76736389136327
638 135.1201421942243
639 88.95489497574113
640 63.7042016329274
641 117.71829588270356
642 162.2856640799651
643 121.88922573788781
644 62.89418835796909
645 72.89396628216501
646 237.41174876751003
647 523.2278628218119
648 358.080052551605
649 316.7717572103035
650 175.05587249249703
651 121.88135200978328
652 94.71685574774082
653 84.29141960504495
654 123.77258797774383
655 148.0096377120722
656 168.844638981404
657 109.61969701623556
658 227.05406906831672
659 103.94221018116662
660 161.85512579633604
661 129.20297190904859
662 67.44080762728333
663 76.0957759990662
664 77.06012665058009
665 397.90143874242744
666 240.29782926528742
667 533.5352966854953
668 577.2854623129634
669 198.18982227993746
670 59.66744184258052
671 124.12817850928049
672 101.65720693403262
673 120.38332029960092
674 248.69055822184254
675 119.17482285882474
676 129.10783215734526
677 124.38801140252824
678 35.95729262558856
679 70.04212584162173
680 69.66905126649446
681 38.859598705325695
682 59.97000946143636
683 480.98953414694284
684 555.4461335064614
685 313.9927940036415
686 97.64412741563149
687 51.025432827756156
688 32.50935174304741
689 95.60743793010592
690 117.70288555437878
691 99.71173932795668
692 219.19251080871118
693 218.42853739624786
694 212.97785661764024
695 107.84911447403192
696 436.40954163058876
697 61.85074898698827
698 222.10247512772054
699 84.32202971456394
700 81.39318089447792
701 49.550911815195775
702 195.3396606453614
703 105.1226469909225
704 194.26576984976515
705 64.17198421764596
706 72.7513287807815
707 132.71332882450773
708 238.70149783732074
709 99.02973865869683
710 334.29910920885015
711 98.56917971181477
712 10.668722645768334
713 71.14198491503554
714 77.76806830352812
715 104.59088142249911
716 137.63025422020132
717 169.4592291289769
718 392.5025661829995
719 130.53526740728884
720 82.68493674571454
721 102.3889913419001
722 -16.6891073035352
723 -53.99999999999998
724 373.0071133427324
725 654.357178976372
726 822.4035213201153
727 131.04264682561137
728 177.88165247037057
729 99.9482161997857
730 324.0310275799262
731 423.2345837739797
732 170.85069272570985
733 44.225537707705485
734 77.89812566954308
735 72.55874842628845
736 249.43718432226405
737 196.80165025261317
738 414.0637667612464
739 319.8058213005443
740 167.76209475420904
741 91.16114085003312
742 130.18845239200854
743 96.85564792758097
744 68.91547893671165
745 39.8713468192091
746 38.03591318522608
747 81.3751089681339
748 333.99789269166604
749 568.2916886200345
750 110.62240292243779
751 222.79032097838729
752 93.4827149841199
753 163.54130280997282
754 17.83989385227774
755 649.1128903149927
756 255.11290702599064
757 68.36364484269453
758 80.09586164110007
759 287.2517367212496
760 32.36066970224046
761 41.79476983313828
762 100.49953261592597
763 85.66049232410074
764 401.78933164124464
765 880.9155522061272
766 336.76208946983826
767 176.34276035457418
768 92.99311506314527
769 19.472406907487027
770 962.364089615843
771 139.55445227379926
772 96.39720962100495
773 168.43193843512444
774 193.2402549290739
775 117.3422945750522
776 187.08394180139993
777 55.597641076836936
778 333.7470544054495
779 70.69209376862845
780 123.10323949920247
781 444.0869957735946
782 134.2832242882276
783 347.1551237771657
784 180.8527540864561
785 85.79156427776826
786 447.81197809656356
787 285.58657196189256
788 291.3836565808364
789 125.74312617973281
790 100.28822686196317
791 230.11897688211658
792 135.13058340993484
793 161.8188076907755
794 398.82076940302693
795 77.30378097482242
796 -36.48327677021343
797 19.956118106830292
798 440.8715886637741
799 240.24625169546283
800 113.77705415201291
801 55.52689656399227
802 61.64841321166292
803 39.9618297164454
804 54.90402783194066
805 158.54995729500808
806 91.2466536036919
807 72.73943073036767
808 100.66836286549784
809 53.55763306420074
810 129.87845730196452
811 77.14295052451823
812 82.37879992560082
813 106.04168470173336
814 158.7286756777765
815 110.13814777877784
816 80.64295052451807
817 104.64295052451807
818 178.39265406743777
819 124.34376306533497
820 129.43606037102208
821 253.75948602291564
822 125.0731265465348
823 113.17475223235664
824 78.42072830229603
825 129.04235850809374
826 121.3446679998778
827 334.50705799704144
828 112.78484224358434
829 66.75604576261344
830 79.99999999999989
831 143.30496772250694
832 64.0455479271155
833 117.85835410813021
834 130.79070898340973
835 110.29109867266659
836 104.64295052451807
837 139.21028893960346
838 263.9066060347727
839 101.01082647329893
840 195.96274416455353
841 114.95344836126262
842 69.96365767559413
843 210.6383386766807
844 138.40394116587316
845 94.14295052451807
846 219.26822415068767
847 63.4259259259258
848 170.46331032751232
849 96.80388307694729
850 195.9969435394658
851 60.84442660158377
852 198.92921975328898
853 97.45435503937367
854 81.61864169808135
855 64.75391423874218
856 55.78556505250475
857 79.2855650525047
858 82.28556505250472
859 79.2855650525047
860 164.37612825807912
861 175.5707308341791
862 55.30313102626264
863 408.6502435516504
864 95.0392689136265
865 133.85684955537874
866 73.88235294117608
867 83.4855650525047
868 191.53277104750498
869 68.52805968524349
870 79.2855650525047
871 125.39104912924323
872 39.276918875188485
873 315.4740396896689
874 79.2855650525047
875 320.09565754406367
876 174.04097892453308
877 40.273432449903005
878 91.37736674311705
879 26.203162035759366
880 30.268305275388663
881 148.5786999367839
882 260.90715831994106
883 158.1763104327825
884 94.20889979192575
885 83.74210737708952
886 360.22847883162535
887 128.11173097743426
888 144.49411427860207
889 155.94572845153488
890 349.30668691307426
891 36.60761421916259
892 206.90564988742818
893 140.13523651615571
894 60.866233643748515
895 301.8372315869475
896 91.58123479100398
897 90.7637652767546
898 66.41351638641402
899 302.6655362329242
900 557.5860329306838
901 237.28599833373707
902 626.0464676239498
903 605.8368385484789
904 249.53978132487498
905 125.39122899431212
906 244.27578344442065
907 148.5999659803503
908 62.32660643207748
909 232.2320978105647
910 111.30295566502409
911 203.9042745460186
912 106.93778291426817
913 121.65272847828028
914 117.57888749081539
915 199.0374206945132
916 156.00018070876496
917 255.1697759759556
918 144.41386461334028
919 179.21885491414162
920 90.55135388036858
921 59.03502317557337
922 230.2430457218439
923 160.14889571016468
924 382.66762101722657
925 220.52609691614663
926 323.71874411046366
927 339.7515376258114
928 152.88914427375533
929 112.21097880116568
930 72.71364793160855
931 158.33694132781864
932 147.90421785286227
933 133.33084242523063
934 203.5428478066229
935 122.58061189843939
936 608.6824062904318
937 97.50932084956492
938 227.24551931368472
939 331.74483155055987
940 188.1176614213348
941 488.62150168865645
942 224.28151873833087
943 115.04402683792361
944 155.49380568307342
945 235.45433210803373
946 77.19302002045417
947 333.4283070716393
948 99.24261166280439
949 215.81842134187704
950 132.76786794572575
951 184.9175214019769
952 200.52389975757188
953 472.5931679093375
954 130.66171990165287
955 244.33805617767212
956 93.56196995433699
957 233.763523938957
958 83.99036364033324
959 247.0100698494961
960 57.94014834993221
961 182.64956507338488
962 347.2892753449919
963 480.43561491186506
964 128.31222690319635
965 161.62005108359546
966 167.6570175015142
967 105.07581542298831
968 284.8227746205992
969 210.16125820207156
970 254.67484433692334
971 170.31030271012293
972 55.94325231142339
973 -88.91653364581177
974 -23.87901501117394
975 121.56068868087183
976 19.422291011291108
977 -36.34667213962018
978 103.88031236679734
979 67.9689334388861
980 -30.606968005790726
981 -5.101580278665079
982 -98.67323481116624
983 -98.77964028356868
984 93.02018039440895
985 45.76597455089797
986 278.05877108384755
987 54.378484818331366
988 122.70249873154071
989 190.241775098017
990 93.44054171690738
991 105.3130081300816
992 153.91304066833885
993 159.00036549833965
994 87.20486762321255
995 320.5516369653966
996 155.7420949062112
997 145.0755166250621
998 70.13500962812674
999 116.71328192182499
1000 79.60398287217751
1001 211.38103095435457
1002 104.17015968692347
1003 131.4580821473026
1004 71.5216546243357
1005 124.3584368610932
1006 123.66294983539035
1007 96.3992679375708
1008 221.7877435059872
1009 69.74841920665608
1010 185.64467299646967
1011 269.6789779519009
1012 268.17579887742056
1013 78.02299256859096
1014 124.8373983739841
1015 83.28476679503642
1016 49.0311436066306
1017 163.5642873494271
1018 88.37832243714604
1019 128.4256840970869
1020 75.8373983739838
1021 101.78902076130052
1022 68.83739837398376
1023 66.83739837398375
1024 124.8373983739841
1025 124.8373983739841
1026 124.8373983739841
1027 83.28476679503642
1028 66.33739837398373
1029 52.32788463191188
1030 130.10301473561336
1031 66.71437880268837
1032 124.8373983739841
1033 99.30060248108973
1034 152.03947673966178
1035 40.65326207423087
1036 82.6284506209468
1037 46.43546038948767
1038 63.61879372282099
1039 124.8373983739841
1040 42.95406504065039
1041 124.8373983739841
1042 44.78334431992966
1043 309.048802866292
1044 175.7093170654396
1045 131.68594052383793
1046 105.23912197029871
1047 116.77702279790908
1048 130.5703790884124
1049 225.3397036272409
1050 99.9372386802697
1051 124.8373983739841
1052 124.8373983739841
1053 131.66632338664934
1054 66.33739837398373
1055 55.432636469221904
1056 124.8373983739841
1057 85.4187937228211
1058 82.78334431992975
1059 41.41879372282095
1060 128.4256840970869
1061 38.85380957572504
1062 48.76843285674235
1063 136.28913506448777
1064 29.75212705615423
1065 101.08354627225413
1066 80.52230668875634
1067 67.33739837398375
1068 262.1668520645703
1069 40.96616214387359
1070 178.29087971191032
1071 192.22174950694736
1072 107.31419948463738
1073 105.69272173523404
1074 110.19215734756447
1075 116.30212681718442
1076 138.0053903506683
1077 73.33739837398383
1078 175.53715443431827
1079 132.56242454144285
1080 63.85350731142614
1081 67.54359072969623
1082 281.068427376669
1083 29.80308464849349
1084 125.16841575669272
1085 300.9852945517838
1086 213.5923573580346
1087 138.40531609286563
1088 245.0506430244495
1089 141.26390089256577
1090 110.58051809652105
1091 55.5230409598298
1092 176.88518304624222
1093 122.10926111370495
1094 171.16822421111425
1095 119.8722697511576
1096 130.20697904756733
1097 6.666759755069267
1098 -123.1626016260159
1099 29.459745226548854
1100 -11.635260331233091
1101 -32.66960249021632
1102 -8.08661919591288
1103 -10.071682467655217
1104 -123.1626016260159
1105 -98.93420926583329
1106 -23.841619332183782
1107 38.300852315128346
1108 51.272858258420726
1109 5.732793205375181
1110 71.89917749829978
1111 7.418793722820942
1112 -48.22718307484716
1113 36.390993901263606
1114 119.6487744729743
1115 146.44681258552941
1116 75.89911536520334
1117 99.10749497510528
1118 261.9280019277491
1119 154.5485964706421
1120 161.10335791088556
1121 64.37946022468395
1122 97.76774815589417
1123 144.7000786642229
1124 99.97764306736698
1125 174.57141588134266
1126 114.92089036128183
1127 344.8638725945532
1128 140.3189264193428
1129 135.77402309025018
1130 229.14731862487085
1131 143.5541375685704
1132 138.1176054085886
1133 81.97722680787035
1134 357.8676883704084
1135 140.45043600924188
1136 277.41354032232715
1137 140.44050275306807
1138 159.78353684486504
1139 196.13927089068864
1140 252.95269525884925
1141 201.00772525628594
1142 245.3253213390903
1143 115.07695484869959
1144 127.40567396314043
1145 122.8295515455353
1146 364.5051597526249
1147 92.08657415745499
1148 201.2274755394133
1149 171.55684502241039
1150 97.66381072282151
1151 346.41696666614644
1152 146.94764383908307
1153 206.18851374458774
1154 177.71081611286724
1155 250.56096297989882
1156 144.4654489814325
1157 234.49621821220114
1158 351.42427003748935
1159 318.67775435132194
1160 241.98309031913638
1161 72.18439650124442
1162 111.09661117217877
1163 314.1424663819066
1164 111.52013974830778
1165 293.39782684536027
1166 164.27782584794218
1167 177.7896769465456
1168 220.34039690184673
1169 91.96320070390291
1170 150.02380952380904
1171 137.16288487886814
1172 450.1015766389756
1173 125.69113006041806
1174 149.8189145398992
1175 143.54187756262772
1176 155.88638901657086
1177 106.25357115337798
1178 234.49621821220114
1179 329.4269691507877
1180 100.72760472034324
1181 133.1628848788688
1182 141.37857115337795
1183 238.5036088237957
1184 204.5139809752435
1185 117.66044585105996
1186 121.05062550845423
1187 163.94434808075886
1188 152.388335378208
1189 95.9090639274113
1190 330.26241036354
1191 140.66841802160536
1192 239.7487519928771
1193 132.96008676728778
1194 95.43809508611906
1195 215.45014996691563
1196 142.933967040955
1197 49.63235294117656
1198 169.27604571154785
1199 110.04523782004478
1200 253.91902117510506
1201 109.18895554156897
1202 123.15347896836133
1203 133.09338910158388
1204 55.24530833187815
1205 -64.24494949494945
1206 -43.14314717862587
1207 201.2386229225705
1208 104.84199303236652
1209 204.60393074479583
1210 58.569712152804826
1211 33.73909641064853
1212 211.26541024927522
1213 116.45285162989563
1214 55.59483262993755
1215 65.9699546940335
1216 65.34216954633527
1217 92.58038811483686
1218 36.58895792581941
1219 117.15709499298934
1220 124.96838206567267
1221 87.31507146747313
1222 55.732731311936526
1223 49.90040518654095
1224 112.715449776984
1225 90.55976767880276
1226 135.38031418547774
1227 106.8279719993209
1228 104.67982822196443
1229 67.89473684210543
1230 167.73089862584655
1231 220.45491981580636
1232 182.22703175683546
1233 168.1063026316683
1234 142.54854213941974
1235 238.73648907754142
1236 109.23861793776979
1237 154.0698219129641
1238 207.18692392414056
1239 230.30171818935554
1240 139.43466067472485
1241 249.35862881752195
1242 130.8539908820605
1243 144.0906547359145
1244 98.70954862146691
1245 331.60055769796895
1246 141.026543842725
1247 227.9011899560221
1248 126.44406002693913
1249 150.5395275828249
1250 138.84857374606767
1251 419.3389264257855
1252 150.5393608072572
1253 190.7530060727829
1254 201.89703434370568
1255 84.08200777659964
1256 198.39118127452787
1257 218.18415683901185
1258 107.63230158638567
1259 93.35142419443034
1260 160.32932560442492
1261 198.39118127452787
1262 303.3791904901693
1263 162.755846483022
1264 150.50845226657336
1265 114.12451460786134
1266 218.6462653763034
1267 92.42746833286523
1268 140.11024099989922
1269 149.1502665018705
1270 119.20523675395422
1271 122.61515483737406
1272 201.03134659070412
1273 154.04508783445183
1274 126.68065495873874
1275 220.87120182956812
1276 123.84218974153933
1277 164.30980984875487
1278 174.54151152910435
1279 79.1330059639503
1280 200.2743345358324
1281 118.89118127452825
1282 338.61616117242943
1283 88.27895694259925
1284 136.7904699448652
1285 165.56761719550758
1286 73.14809844910866
1287 172.0734747258468
1288 160.56892062654947
1289 118.89118127452826
1290 215.60587858396005
1291 113.62669734575904
1292 49.78289401832267
1293 149.38079255950248
1294 72.98780487804886
1295 12.131055053800665
1296 42.4169755316626
1297 37.12943122667436
1298 26.999999999999982
1299 53.73274131690905
1300 53.03425567890048
1301 30.0
1302 92.89147666157987
1303 221.88488379179412
1304 75.15380423259512
1305 48.93864135244049
1306 18.988967671173206
1307 37.89496325064482
1308 52.140892791597786
1309 122.95985932515214
1310 56.376286234962606
1311 35.20429789212129
1312 156.65638450647077
1313 80.87932927631552
1314 71.32001469187844
1315 130.53077755903524
1316 35.40992757650545
1317 18.076594243172046
1318 50.17085973196751
1319 306.346425830258
1320 71.87313355600507
1321 35.36103074166091
1322 -61.71086995990689
1323 18.591272663337413
1324 -34.29848485734181
1325 120.46263612626012
1326 212.65984433016996
1327 109.75218693201636
1328 214.6149153027776
1329 111.7256855232162
1330 214.18894062557447
1331 274.6260615125328
1332 103.07897368085726
1333 100.98879796560507
1334 101.59577064405413
1335 452.6286469111506
1336 163.8039484934405
1337 85.04342833109062
1338 147.99405851771004
1339 69.56492629103667
1340 82.30063898257063
1341 127.2286135162758
1342 75.42388927700165
1343 95.45481465286784
1344 85.83924586638189
1345 22.30565997758603
1346 125.7595484691046
1347 79.31481481481502
1348 125.22861351627536
1349 168.78892156686697
1350 115.63248567388138
1351 330.5520901649023
1352 75.97161646631056
1353 56.91124272634622
1354 36.04761904761902
1355 33.50000000000004
1356 11.6923076923077
1357 88.24937139157159
1358 49.32352941176477
1359 82.97470049817153
1360 90.66174463111038
1361 42.40000000000003
1362 82.97470049817153
1363 61.00000000000004
1364 121.30616657781928
1365 116.66181362356221
1366 82.82003498824263
1367 83.98898621245723
1368 82.97470049817153
1369 82.97470049817153
1370 320.93152432157314
1371 85.22470049817153
1372 55.47470049817152
1373 82.97470049817153
1374 114.95053223387066
1375 61.47711207283552
1376 107.08652222501678
1377 98.89473684210525
1378 -37.02529950182848
1379 39.492732417028236
1380 65.89083347029268
1381 48.14940798357574
1382 81.30958745427627
1383 84.2878494248317
1384 53.28804298209643
1385 309.5926779166934
1386 155.13110711182256
1387 81.40063359410877
1388 87.40401533767968
1389 96.71115823631519
1390 49.70601214972652
1391 128.15364522217152
1392 101.40224869160436
1393 39.47651195499296
1394 125.93374054835681
1395 155.71658862405002
1396 307.6964956714998
1397 138.81136754175589
1398 51.72078931505977
1399 73.13458357829779
1400 96.13458357829786
1401 122.43111548804359
1402 51.35333357829791
1403 96.13458357829786
1404 206.22206983947245
1405 62.73440443462934
1406 112.17357686330165
1407 52.73458357829786
1408 80.89873417721516
1409 -76.91279317352993
1410 -60.760946463861416
1411 -19.755417118125337
1412 -61.55422053707099
1413 -33.04428934743659
1414 -52.2109560141033
1415 -52.2109560141033
1416 -50.02248336484838
1417 -40.985810577878595
1418 -1.760338064237338
1419 -29.114964452921864
1420 54.358676397529784
1421 54.358676397529784
1422 45.00000000000005
1423 55.858676397529784
1424 54.358676397529784
1425 25.50000000000003
1426 76.81830232027579
1427 87.84463293153269
1428 274.1556962074533
1429 73.95673775486281
1430 30.588285723102786
1431 195.09323393660293
1432 96.66870974748406
1433 68.20257563356222
1434 40.86225070422947
1435 31.68249695341407
1436 270.935478503581
1437 74.82588491394871
1438 55.93618911443314
1439 59.23308871356815
1440 78.61537112442987
1441 37.515830286747416
1442 47.0158302867474
1443 49.43218148844766
1444 36.015830286747416
1445 65.64429923690736
1446 67.60429818955411
1447 83.74077020117318
1448 69.02359559090637
1449 78.1745823638407
1450 89.9398786410523
1451 28.593788308012428
1452 21.870457271235928
1453 116.13321644443856
1454 108.23302133925506
1455 65.28234131413171
1456 53.90049297447544
1457 54.97353758210619
1458 69.96766079863589
1459 46.42380234808788
1460 46.28177336258066
1461 46.28177336258066
1462 64.38468150022769
1463 28.69293679906032
1464 35.78177336258066
1465 46.28177336258066
1466 46.28177336258066
1467 117.79821064187384
1468 56.8227166319979
1469 50.504564297456405
1470 58.35545507530701
1471 48.782824861869315
1472 95.53248022172001
1473 50.78187954255841
1474 56.46184781640265
1475 30.30177281510941
1476 40.97927740790332
1477 34.74309204928828
1478 23.087044132938864
1479 30.58704413293887
1480 29.164472624850884
1481 45.28268348847465
1482 95.0087681301427
1483 83.6345748748744
1484 101.2479236542454
1485 139.30924658906395
1486 46.09193044989616
1487 16.95829357624188
1488 36.427248503688666
1489 81.79172754171114
1490 194.2329274190175
1491 24.268293576241852
1492 22.45829357624187
1493 35.23826068385332
1494 257.47261498058185
1495 21.203704475590577
1496 56.8979438736179
1497 59.318177507173736
1498 85.57055001233583
1499 73.3801875552003
1500 98.17962204817914
1501 71.18211795372127
1502 78.44868608659584
1503 32.92521364036641
1504 56.726404457849064
1505 -38.10512820512806
1506 55.42951815163663
1507 89.80909858781303
1508 85.64242076898869
1509 94.07163694193264
1510 -40.79067838012025
1511 155.59696908613375
1512 94.92063030089356
1513 105.82509167178097
1514 44.14305926489421
1515 58.49392338702411
1516 81.78825048934166
1517 253.67427136820396
1518 191.7601661719185
1519 84.44034912122355
1520 97.83173733690163
1521 91.83131373907018
1522 112.31129907661258
1523 103.86830152203493
1524 62.15803233197065
1525 78.93851208563571
1526 41.498632375721414
1527 128.28349715698405
1528 30.67119373886771
1529 40.12295478795193
1530 190.1070332030557
1531 188.74504746245785
1532 126.46215089507888
1533 161.10944672941605
1534 95.30968454969668
1535 128.175387541328
1536 119.06555152093853
1537 84.38380302597275
1538 160.73227296836063
1539 142.03983484927613
1540 91.50025218474161
1541 79.03810828924122
1542 36.78494623655914
1543 107.1461353303698
1544 87.52153212990959
1545 107.44957291526747
1546 125.99113859227175
1547 104.49113859227164
1548 99.74144280579651
1549 -10.57153647395855
1550 17.0
1551 184.39047007891435
1552 44.88228262965108
1553 255.68144420302747
1554 222.70194719460292
1555 124.63425482471416
1556 91.49394376429106
1557 92.47404892427798
1558 120.43722185780092
1559 133.5171497270194
1560 122.77286597747897
1561 191.81403448316888
1562 249.1449777254582
1563 196.32553432073337
1564 92.55194196349876
1565 134.89473684210546
1566 108.15888806355429
1567 82.9306590531601
1568 139.76862816253956
1569 38.322740501123995
1570 167.3472889381597
1571 81.64852992502193
1572 106.46888434408756
1573 140.84460109669735
1574 217.06837984355013
1575 128.52015700260495
1576 214.2225973436942
1577 129.9976578522706
1578 161.205918152068
1579 122.6682891819416
1580 140.19158557403378
1581 205.98945810511964
1582 53.888982949461905
1583 131.54677580007774
1584 158.4752469298597
1585 178.35788539547792
1586 149.01596626355015
1587 -39.70446106888042
1588 27.671307950709167
1589 15.234487287738004
1590 -67.60526315789484
1591 -22.929406308336027
1592 291.41375567506867
1593 135.47589075088803
1594 151.88027720844502
1595 62.26081350605412
1596 123.92160529823799
1597 118.1785657024472
1598 96.57773928435982
1599 61.297330988926745
1600 87.22533958572978
1601 26.64635215534389
1602 112.04585099457412
1603 58.268796362017916
1604 151.21819482401892
1605 48.91365855341803
1606 81.16252034532866
1607 51.98250524728695
1608 265.2079769339714
1609 72.5569375891387
1610 143.5984481518079
1611 188.04748546841986
1612 72.52480141218005
1613 127.41796177699626
1614 66.18987214967235
1615 70.65569458730651
1616 106.49981783885869
1617 135.73588922874566
1618 90.26867858448094
1619 88.90319403405091
1620 148.92867848953455
1621 79.79140185886496
1622 101.22571558435507
1623 104.96116504854362
1624 113.49513832046131
1625 83.77462862783317
1626 124.72571558435497
1627 154.5262498277755
1628 106.67243611797545
1629 89.2500070916866
1630 65.06845853219639
1631 -30.599949481730725
1632 -66.63193705937054
1633 70.9917018644818
1634 86.23933153629821
1635 115.04883622782138
1636 40.841491743204536
1637 43.76304196475469
1638 138.71906587222423
1639 61.41251922282079
1640 10.019179229480736
1641 69.61129409548585
1642 56.61377405965496
1643 14.369868944235588
1644 43.68842595157902
1645 22.246383683523444
1646 256.4293755838403
1647 131.50036073336244
1648 128.53017950704398
1649 112.05972063020141
1650 108.12626970140803
1651 185.154395062444
1652 161.86633705854683
1653 168.32874376247392
1654 173.3060891554677
1655 94.39447094270287
1656 257.3251612196668
1657 138.72088920540023
1658 139.28381343381824
1659 215.88173616991872
1660 198.25616456445954
1661 109.22743214726493
1662 122.0788351872518
1663 207.06508477923148
1664 294.9717114933143
1665 130.08307311473874
1666 119.75727421014882
1667 206.36872637095837
1668 163.2714426113403
1669 64.27303807303794
1670 284.6697442781615
1671 164.13173616991898
1672 164.89841811256562
1673 251.56508477923236
1674 284.4574824583705
1675 252.4676209500137
1676 51.31037852633124
1677 189.88771243078136
1678 120.60773935190821
1679 196.1063685974462
1680 76.43463420624654
1681 137.548031175184
1682 174.82905798739665
1683 119.93670403685883
1684 151.98532774629507
1685 148.20211470513638
1686 192.4985913853494
1687 208.3277471409077
1688 227.77406436693786
1689 206.1665015007518
1690 293.6518269148926
1691 192.0650847792313
1692 256.56892998581054
1693 336.3301015961781
1694 246.67862197292828
1695 180.49371537419208
1696 253.2883388442501
1697 89.0666666666672
1698 275.7014220403986
1699 107.47158339941882
1700 203.00000000000048
1701 343.89272277124303
1702 222.02327068741758
1703 138.17460858875586
1704 335.67834923664475
1705 129.9672066741366
1706 96.63537956381228
1707 253.89841811256568
1708 125.44743772040832
1709 295.8396682891327
1710 92.52777738146037
1711 251.56508477923236
1712 251.56508477923236
1713 271.5433269936166
1714 128.19743772040817
1715 281.8374952900059
1716 122.795167829203
1717 180.48120615935522
1718 133.3412752554222
1719 251.56508477923236
1720 254.41579864826966
1721 195.02861451116206
1722 108.5071693228985
1723 235.44811501079045
1724 42.2873022239269
1725 77.84931032102472
1726 6.22769801813584
1727 273.54227923348094
1728 13.815608677943386
1729 55.40688520267602
1730 89.88397574339066
1731 98.20874508754362
1732 54.92818926412878
1733 43.94892704545204
1734 124.67811794719204
1735 186.5942710923531
1736 50.30122087617445
1737 49.7025084051902
1738 -23.1848702778492
1739 135.85512792173694
1740 67.26997243262413
1741 71.66938118735578
1742 6.342127658698002
1743 40.01001832955192
1744 23.716666666666683
1745 -45.39319391366411
1746 111.14384595556136
1747 88.85361036939052
1748 44.40443801608091
1749 64.20659866622562
1750 79.33201889274828
1751 28.293421653723165
1752 21.47653905423539
1753 111.30582449662867
1754 94.74491771093375
1755 96.60653681134052
1756 55.040645585683166
1757 125.03487679523629
1758 73.06152329621747
1759 16.943445393421655
1760 48.67032413329911
1761 101.45942251872697
1762 189.22756946541728
1763 140.0130612557638
1764 222.50508300656568
1765 58.28214694366576
1766 114.89346599425205
1767 136.30714369286494
1768 51.105368948071785
1769 54.605368948071764
1770 47.7534499493447
1771 30.78548175405522
1772 36.95477473032594
1773 12.095915340591851
1774 12.438116849205745
1775 21.638888888888893
1776 -28.000000000000007
1777 21.173759532425127
1778 37.95525008548664
1779 80.3657206828169
1780 68.66083093257785
1781 56.43682836457956
1782 65.56131191346519
1783 28.195597627751038
1784 249.85597670398695
1785 36.04640816611983
1786 24.65132100573396
1787 26.706876561289516
1788 334.3153991949708
1789 162.16663390409641
1790 54.702822509167056
1791 70.96825723918626
1792 60.165247165418805
1793 81.36622393034227
1794 154.90081052123918
1795 258.41233235466984
1796 218.60837320459842
1797 214.14047714896356
1798 171.08957458170397
1799 153.0313396524403
1800 94.16473652779891
1801 44.82945778819715
1802 61.28060296648586
1803 139.86334448525216
1804 69.55679826956668
1805 18.641269841269846
1806 6.666666666666668
1807 132.16328469709603
1808 52.85603081498444
1809 1.941666666666668
1810 47.51915309497086
1811 52.07872643155178
1812 36.656504209329576
1813 109.87998677614563
1814 153.91426950922914
1815 64.84927731857319
1816 74.17081728897512
1817 167.32744617707468
1818 105.83061968086733
1819 60.42261065190678
1820 123.59665344281228
1821 82.42261065190655
1822 74.17081728897512
1823 61.16489526272069
1824 114.90434086589607
1825 161.49711397513977
1826 157.0944780338772
1827 105.70409163739492
1828 102.59002778625056
1829 144.35186683803096
1830 79.80923331717116
1831 37.07049689440992
1832 45.39594271751974
1833 27.831241733905134
1834 64.7264260148627
1835 41.76175767741745
1836 52.46767524031613
1837 123.41611240171363
1838 113.4597071128257
1839 72.11753107017731
1840 61.945715083600845
1841 110.53243903620054
1842 52.66766602050108
1843 39.90407411123708
1844 71.61848147435767
1845 51.373169796715224
1846 41.217553688141926
1847 32.164704886313345
1848 99.53719338451253
1849 23.97235294117645
1850 23.0
1851 35.793876940860066
1852 58.82125374851671
1853 23.0
1854 -19.222286735408577
1855 2.380797279291892
1856 41.64270821864655
1857 111.03392531191413
1858 56.49238336980046
1859 60.16258952585878
1860 44.770729741396366
1861 88.42056303576456
1862 77.80208893017806
1863 126.99644870597218
1864 383.77863845644583
1865 85.76442102504285
1866 92.63859938042542
1867 172.77732082810343
1868 124.39377825668343
1869 134.271996795711
1870 254.536046581138
1871 118.55284770061714
1872 141.89786395458978
1873 46.337798703244175
1874 137.2681565761954
1875 37.32163940210293
1876 149.2047088270189
1877 138.80421178185605
1878 105.5377718431851
1879 213.1599131066405
1880 152.4763421666237
1881 191.96153212783432
1882 120.07931796955755
1883 105.5377718431851
1884 189.85540727678386
1885 152.85917507244545
1886 103.49777184318548
1887 105.55185635022735
1888 98.8744491010052
1889 -16.215807713859277
1890 84.62096919823519
1891 90.84502168625222
1892 57.18111102015068
1893 68.7273985336684
1894 110.7094526207
1895 35.39653687599474
1896 25.038823869005306
1897 52.24585929632441
1898 29.45686567901666
1899 61.79682466891184
1900 73.57958212000679
1901 41.08353234568328
1902 80.11205044394299
1903 58.97650038221303
1904 92.2595203659095
1905 41.72309004738683
1906 48.301570410224244
1907 65.62084925001949
1908 197.63804055352455
1909 185.13355601754927
1910 121.32016952611514
1911 33.94697422045796
1912 33.92870796658801
1913 43.856485744365784
1914 7.598624853432611
1915 39.95455128774743
1916 99.14030905342513
1917 82.42980202485681
1918 93.38312143698333
1919 117.76037188489217
1920 103.24091492411138
1921 212.49399675576083
1922 178.66403975531807
1923 167.41951083007933
1924 34.070398308943155
1925 61.44663975236791
1926 84.39921636396647
1927 13.415974101275607
1928 12.27447163822142
1929 39.47988083757283
1930 31.807996176204732
1931 69.14132950953808
1932 162.98909413442138
1933 117.13284121278603
1934 165.9986816246763
1935 76.38032819201513
1936 131.2743481953439
1937 69.14132950953808
1938 107.07506183924293
1939 72.41297355177042
1940 66.68790711515517
1941 91.6000923961362
1942 58.27626457569654
1943 7.605036979975324
1944 94.41077603720534
1945 214.36965962448699
1946 64.73189142628125
1947 43.01445485650272
1948 82.00000000000013
1949 122.48793546422864
1950 259.1192920390152
1951 123.64522107262952
1952 160.77362586018677
1953 60.18415377846739
1954 67.49023682886269
1955 48.91034549386745
1956 104.91586150357409
1957 122.59615288240985
1958 99.95832137509217
1959 32.788817955315054
1960 63.30289678665827
1961 33.29532055635546
1962 56.079634281845635
1963 78.46625951931844
1964 92.85361491482067
1965 22.012465795074483
1966 47.95652173913041
1967 28.229245673953454
1968 43.60067540088953
1969 80.5175250559823
1970 73.23029620805167
1971 45.02676193275537
1972 61.15773041912375
1973 65.16917922948073
1974 84.98370837234138
1975 97.2316138849276
1976 37.93891191997413
1977 55.425652576278026
1978 29.182389937106898
1979 18.496289338944585
1980 39.57532406710056
1981 25.221476593781617
1982 118.78394109868923
1983 68.65481325578374
1984 85.07244470024622
1985 80.17308397663876
1986 27.39898081237702
1987 42.6553897410461
1988 29.862228675624888
1989 65.23224174022313
1990 33.68252346020539
1991 39.806673120069355
1992 54.00306029397446
1993 46.43125361893556
1994 51.571787897419355
1995 35.49106572837495
1996 55.622069874990494
1997 34.27624790012802
1998 25.933333333333355
1999 18.845956789819944
2000 16.666790756440086
2001 50.90256246504629
2002 56.26209125470017
2003 34.45626641471956
2004 78.59616067782412
2005 44.52982580002845
2006 64.9244570783743
2007 50.12373785000385
2008 12.382352941176467
2009 10.007390611594559
2010 35.4909514038503
2011 25.200000000000003
2012 14.637683806861984
2013 14.637683806861984
2014 16.363265142118014
2015 162.09934519762476
2016 75.45874157442798
2017 10.159314767674198
2018 17.0
2019 17.0
2020 44.329389959284995
2021 141.28407755195718
2022 26.38235294117649
2023 27.376483283910186
2024 25.274846884560517
2025 12.999999999999996
2026 29.928571428571423
2027 49.00280509200094
2028 23.24004751313187
2029 27.533240917224667
2030 66.97876422627496
2031 118.78319352820365
2032 104.44766620888016
2033 72.64702165800425
2034 81.93495416500002
2035 201.6799384358494
2036 -2.322740914129497
2037 62.33333333333341
2038 -13.000000000000002
2039 60.059837179837
2040 45.45864967917007
2041 37.43743755795803
2042 53.532147821109355
2043 86.73260874000297
2044 164.00790447383022
2045 44.21992640377044
2046 87.10290760182406
2047 120.0025908084793
2048 54.97336216415163
2049 87.9803779575549
2050 69.98037795755509
2051 58.964912280701775
2052 69.98037795755509
2053 63.85201669972477
2054 33.81485919050512
2055 21.850000000000016
2056 190.3369597303505
2057 143.11568797790756
2058 51.79789852964005
2059 51.79789852964005
2060 44.00000000000004
2061 56.48010679689207
2062 26.124093183269867
2063 62.95885313463177
2064 22.911049705009017
2065 37.73457911677373
2066 46.57839649641447
2067 51.343211894340556
2068 97.93414352014173
2069 24.532557305566243
2070 58.37060774106591
2071 21.52777777777778
2072 22.444444444444432
2073 -1.8937713112083756
2074 32.850527564620236
2075 30.517865169100652
2076 21.174364772670202
2077 48.819782676410426
2078 84.33569474527485
2079 49.3571428571429
2080 117.6582582570434
2081 178.38210722683067
2082 61.10658554967321
2083 83.07704646131035
2084 104.20210916935252
2085 108.07704646131027
2086 72.0196101099713
2087 83.07704646131035
2088 103.61793148766682
2089 80.00102566017013
2090 64.57366431909257
2091 62.64567502857417
2092 43.83139051664268
2093 47.644717783758885
2094 54.25295914409369
2095 56.67011333284041
2096 38.22414387940424
2097 33.33139051664268
2098 50.12575956174814
2099 61.67113417772813
2100 52.13014878804166
2101 50.105926829560076
2102 29.32555711173601
2103 -1.3358332887856026
2104 38.828847107188814
2105 57.09471026315133
2106 180.16290725481394
2107 89.67046783890864
2108 82.00000000000013
2109 102.96113498412937
2110 72.23775878465909
2111 74.31589518532756
2112 88.5947102631514
2113 87.07646211473043
2114 63.37972693312637
2115 63.49979047705516
2116 111.81504148184068
2117 58.344710263151384
2118 64.20451257862518
2119 21.205004432717743
2120 54.327277427477995
2121 49.188586686708035
2122 -5.002764486593198
2123 70.19647863234798
2124 34.825690099374256
2125 23.909090909090917
2126 23.909090909090917
2127 29.503293807641647
2128 244.65723670424813
2129 132.35696937149044
2130 286.6874285435873
2131 202.18764017226493
2132 384.06264514908105
2133 226.39751317546245
2134 96.30503328274456
2135 213.4040583668683
2136 131.23261947761836
2137 234.1569693714897
2138 297.8799478645715
2139 264.1490012439989
2140 121.49417517075761
2141 200.07462857734737
2142 277.8176228422958
2143 254.54098706238995
2144 161.6751637089871
2145 161.03688031044112
2146 136.78239892475494
2147 236.40640781342617
2148 195.0133796279002
2149 234.1569693714897
2150 301.46286753575663
2151 91.10993379836836
2152 199.57575757575665
2153 234.1569693714897
2154 234.1569693714897
2155 234.1569693714897
2156 199.57575757575665
2157 203.03790212805467
2158 106.49030270482405
2159 278.60677317974864
2160 73.68066278529065
2161 -20.100365174029754
2162 136.51938174010004
2163 72.08553053787612
2164 102.77132107373603
2165 30.499999999999996
2166 68.79331159598152
2167 120.85212141136157
2168 92.56303970469963
2169 51.859628604310096
2170 54.03844423312566
2171 79.65647067447158
2172 56.74949788535587
2173 186.15013014366767
2174 73.13458288789052
2175 51.88185082653233
2176 88.21845281280272
2177 83.24949788535594
2178 108.49784529342749
2179 63.19852504866847
2180 43.88235294117652
2181 83.24949788535594
2182 69.37500000000011
2183 22.008090352645773
2184 40.9774876780683
2185 25.21642368597911
2186 20.719738968697378
2187 33.51119443296729
2188 47.30145769958456
2189 16.499999999999996
2190 117.04091330381253
2191 164.2248203038694
2192 186.60202709553639
2193 88.9473684210528
2194 170.64603485305423
2195 -17.195181362234365
2196 115.92770783221543
2197 173.49673368036764
2198 156.86964508398154
2199 161.5084113804885
2200 133.91163547124276
2201 125.04999885075412
2202 187.275004374476
2203 157.53871916713692
2204 160.72239602006658
2205 214.8369684506428
2206 119.05572935340092
2207 155.86938663797406
2208 141.97138978858263
2209 118.06369748089065
2210 120.67127089417457
2211 96.37179729984308
2212 104.39703081422414
2213 182.97206640380733
2214 124.53193772058768
2215 193.7190678631031
2216 65.0223001110783
2217 205.3327466118112
2218 39.13675652073139
2219 30.961547152563426
2220 25.692551369862908
2221 -133.99999999999991
2222 -133.99999999999991
2223 -133.99999999999991
2224 -133.99999999999991
2225 -133.99999999999991
2226 -133.99999999999991
2227 -69.7857142857142
2228 -69.7857142857142
2229 -133.99999999999991
2230 -133.99999999999991
2231 -133.99999999999991
2232 -133.99999999999991
2233 -133.99999999999991
2234 -69.7857142857142
2235 -69.7857142857142
2236 -69.7857142857142
2237 -69.7857142857142
2238 -69.7857142857142
2239 -69.7857142857142
2240 -69.7857142857142
2241 -69.7857142857142
2242 -69.7857142857142
2243 -69.7857142857142
2244 -133.99999999999991
2245 -111.42527746985934
2246 14.81963470319634
2247 -32.51955555677985
2248 -43.07109005267457
2249 -11.016316036904339
2250 -0.17338282078481626
2251 -10.111111111111072
2252 -5.567226890756386
2253 -116.08869863013656
2254 0.4333333333333762
2255 -84.79147640791457
2256 -131.99999999999991
2257 -62.1666666666666
2258 -61.499999999999936
2259 -42.00000000000004
2260 -133.99999999999991
2261 -127.40051254788676
2262 -71.49230769230756
2263 -133.99999999999991
2264 -133.99999999999991
2265 -133.99999999999991
2266 -85.05263157894721
2267 -118.48814102564062
2268 -133.99999999999991
2269 -133.99999999999991
2270 -133.99999999999991
2271 -129.67045305005465
2272 32.42759523856405
2273 118.5948288890047
2274 37.08247320247679
2275 17.41002694903002
2276 17.573022980776052
2277 64.24471644670064
2278 100.56513414380566
2279 38.039214753500474
2280 51.24564260008666
2281 36.51827428584301
2282 15.939360144428889
2283 46.54763554086588
2284 63.23274131690904
2285 61.39940798357573
2286 93.39940798357564
2287 93.39940798357564
2288 93.39940798357564
2289 93.39940798357564
2290 94.73274131690899
2291 93.39940798357564
2292 93.39940798357564
2293 100.84524278301268
2294 57.399407983575685
2295 104.91269231168289
2296 71.80046153932636
2297 63.8994079835757
2298 93.39940798357564
2299 109.18086199545198
2300 81.58719274263763
2301 59.19940798357571
2302 93.72440798357565
2303 65.7677086371705
2304 58.61230200779052
2305 68.3499123910923
2306 64.39940798357573
2307 142.89935654368293
2308 52.1541911435954
2309 14.705882352941172
2310 37.95940778052082
2311 39.22724987430871
2312 -18.207961552381345
2313 12.174930126373123
2314 39.13787064073135
2315 64.24597874883946
2316 54.99999999999997
2317 65.90132040078976
2318 57.49311078363361
2319 101.11951366559147
2320 47.523756526617255
2321 90.98197168059266
2322 39.67986418707273
2323 -8.227215483798748
2324 43.93040347092156
2325 31.20388831940644
2326 69.47772621210237
2327 58.20388831940633
2328 47.70388831940644
2329 50.244654869929086
2330 41.13369443939118
2331 60.388833118617015
2332 37.90085801637611
2333 37.01960041250301
2334 42.61320609203414
2335 33.264756909811574
2336 34.491698671370955
2337 24.24535557943463
2338 33.01897366011306
2339 23.745355579434637
2340 72.45028081807651
2341 59.10093689650158
2342 31.529959648083793
2343 31.050738604859315
2344 46.87448918472363
2345 50.321518347521824
2346 51.782186124775336
2347 63.20227796074563
2348 45.05431100498704
2349 154.63529928028137
2350 177.9571035771836
2351 68.6994550586418
2352 118.78134735582377
2353 54.90021675838921
2354 134.84615064480963
2355 155.11268582668845
2356 117.69548972995341
2357 183.79840212730176
2358 243.01643280775602
2359 68.3785500007625
2360 192.03862929378042
2361 7.2671868104140955
2362 136.7383425453622
2363 238.10236456424047
2364 81.28024132730029
2365 268.8116160808023
2366 206.7383425453618
2367 298.00177282186564
2368 191.3970410845384
2369 372.16023357363093
2370 120.25641025641016
2371 280.70176227130554
2372 161.20036291753502
2373 105.65991117281257
2374 234.51284919483905
2375 234.7615983593157
2376 138.2383425453614
2377 196.9076923076927
2378 268.3075399938458
2379 214.91816757998322
2380 187.42383693681955
2381 63.395571095571256
2382 239.11385899647647
2383 326.9083370730451
2384 201.89505560402662
2385 115.8579234546487
2386 196.9076923076927
2387 238.32366565690774
2388 233.73834254536223
2389 257.344313593554
2390 149.4050092120288
2391 233.73834254536223
2392 262.3053650972789
2393 212.86251734122095
2394 171.68037153086857
2395 233.73834254536223
2396 233.73834254536223
2397 233.73834254536223
2398 255.78492015097936
2399 185.2163181441303
2400 239.07378795280687
2401 -7.077075390769849
2402 31.544359455886653
2403 18.945685544135042
2404 57.10431922339755
2405 -28.192933379240213
2406 -40.72431372549038
2407 -48.43644688644677
2408 -63.73644688644654
2409 -64.8435897435894
2410 20.904928701883065
2411 155.7168570685337
2412 99.1334440573345
2413 31.15213706962074
2414 16.055555555555546
2415 50.921809734737884
2416 41.34661241059936
2417 17.276190476190475
2418 40.322422055704656
2419 45.31903915185005
2420 60.75798319327717
2421 44.47096658949176
2422 36.94285714285712
2423 1.0252806534952166
2424 55.925925925925945
2425 55.925925925925945
2426 -46.63291992108785
2427 89.94152918153004
2428 132.73714909718217
2429 192.6474154002045
2430 72.53448748631942
2431 84.53222990642185
2432 -39.45763440490471
2433 33.288430313661934
2434 66.71966435021339
2435 25.2592888538292
2436 32.645103905010615
2437 42.36226124258258
2438 124.06297911324164
2439 147.33199747281247
2440 63.05355746497558
2441 40.76392408428792
2442 140.04545982105793
2443 57.34725741762127
2444 74.36798589500145
2445 33.425371120107926
2446 121.92038313993152
2447 58.826159593797335
2448 107.11868046135436
2449 70.61067278376765
2450 27.63589743589741
2451 91.80837995426117
2452 58.91438284196424
2453 86.58334115929742
2454 52.46923076923076
2455 -4.248264698264704
2456 61.225539579221206
2457 18.701788067005456
2458 35.49443882709809
2459 24.913043478260875
2460 24.913043478260875
2461 9.527078565980164
2462 44.58139534883725
2463 44.58139534883725
2464 44.58139534883725
2465 44.58139534883725
2466 52.86293648520685
2467 19.15431201550392
2468 46.929651162790734
2469 30.274191781846774
2470 44.58139534883725
2471 -43.41860465116275
2472 -9.599929930644459
2473 62.09717321045851
2474 37.123890116743624
2475 84.92160174694317
2476 -6.4304192525998225
2477 97.73356531081252
2478 18.0
2479 30.46769531045957
2480 23.902008053851667
2481 27.930046118392557
2482 17.075145892383638
2483 40.11767780775316
2484 24.999999999999996
2485 28.85185185185186
2486 28.85185185185186
2487 28.85185185185186
2488 49.94165963846029
2489 134.33712991440996
2490 135.24995564034924
2491 101.92459043450613
2492 160.5662016557119
2493 62.97554536193179
2494 101.92459043450613
2495 104.66429418128705
2496 70.67718653018866
2497 54.36097992226284
2498 94.70236821228401
2499 101.92459043450613
2500 147.9763163533035
2501 68.47376227715618
2502 150.2776146635424
2503 85.71277326616723
2504 101.92459043450613
2505 104.42459043450613
2506 46.01891793754543
2507 81.92459043450603
2508 105.58533510792479
2509 36.38117283950619
2510 17.89219327911325
2511 30.569341014749835
2512 35.076995836492976
2513 56.66540557209446
2514 24.005935217648386
2515 39.57736378907696
2516 41.41982695710848
2517 45.89237871754719
2518 49.991214050316245
2519 39.67065179202697
2520 31.651477770871068
2521 70.24339545071554
2522 80.46368063553436
2523 33.14038614236799
2524 31.55541290883695
2525 90.61022144352182
2526 51.30379140463583
2527 18.11030120056623
2528 21.882352941176467
2529 13.168048954347231
2530 10.25
2531 38.94594594594594
2532 38.94594594594594
2533 38.94594594594594
2534 65.28190556961812
2535 51.06250663531669
2536 9.7103137620379
2537 22.445945945945947
2538 51.72312194482809
2539 40.393314366998574
2540 -34.48316771763015
2541 12.74037502854377
2542 79.78398179689006
2543 52.79589766046094
2544 108.35431808718539
2545 119.50244853917626
2546 -57.458830209084375
2547 79.94871794871784
2548 50.61314889970302
2549 43.30170551019737
2550 36.2510062094981
2551 81.76079476079465
2552 -34.551282051282
2553 -34.69413919413914
2554 8.999999999999998
2555 63.22728841174609
2556 50.62510474483044
2557 164.0859785180968
2558 97.33423936021508
2559 160.33423936021532
2560 161.42119588195447
2561 212.76776293713635
2562 147.76701246945845
2563 160.33423936021532
2564 212.76776293713635
2565 137.44764590767784
2566 97.35821007816804
2567 89.62809882737712
2568 123.45243801393276
2569 112.25680312256205
2570 69.21596374693954
2571 159.44461896062327
2572 157.5232042478545
2573 213.82627123272468
2574 160.33423936021532
2575 164.5006830395455
2576 87.14857918350994
2577 -52.013698630136986
2578 -5.758081077961346
2579 -13.513698630136997
2580 -134.57090219712717
2581 -141.48314295153114
2582 -66.21369863013703
2583 -131.90361173210388
2584 -137.54644828590867
2585 25.467250344228056
2586 35.58917001848539
2587 30.713627155822245
2588 25.467250344228056
2589 25.467250344228056
2590 19.967250344228056
2591 32.236796259656415
2592 33.266854604205804
2593 16.789473684210524
2594 27.12581659547319
2595 51.14012967511874
2596 47.683082877616926
2597 22.28947368421053
2598 40.94871794871791
2599 44.19954290892818
2600 40.94871794871791
2601 -56.987584570391434
2602 -20.05128205128205
2603 -35.80045709107176
2604 -32.29197840191945
2605 85.52380952380948
2606 87.67999651838132
2607 56.28311317317209
2608 53.641553531911754
2609 50.249779839838766
2610 92.28311317317204
2611 85.98769075603605
2612 -43.079879946970586
2613 114.44336144753774
2614 140.78130956578676
2615 45.459496949481974
2616 39.87201127588872
2617 74.69830056338799
2618 60.66254297275733
2619 33.80328269213526
2620 59.46994935880194
2621 51.74151234567903
2622 77.27847409422591
2623 58.98641084677871
2624 59.46994935880194
2625 96.86125333272633
2626 116.3319207533011
2627 113.46802380247368
2628 137.97427801533945
2629 197.8363165593729
2630 48.95419095706413
2631 104.99999999999991
2632 184.03101560399193
2633 104.99999999999991
2634 90.90363432437034
2635 118.26679999750831
2636 156.8425376480101
2637 122.73335305221269
2638 92.84979638895386
2639 52.456725062906514
2640 94.10245797095902
2641 91.94030627653021
2642 50.45747511356314
2643 39.00000000000004
2644 -6.6613287275349835
2645 23.118587794935472
2646 47.341415466461555
2647 38.31368832467077
2648 25.27797403895649
2649 36.777974038956486
2650 31.06176101640603
2651 36.777974038956486
2652 39.65826679108643
2653 56.00000000000002
2654 65.65826679108646
2655 70.17133705415672
2656 51.93437790219756
2657 56.83060589943088
2658 43.65826679108643
2659 67.71709032049822
2660 78.59012696320406
2661 17.151188401510687
2662 25.357446767059397
2663 16.831570980578828
2664 8.0
2665 18.955752354760214
2666 47.47756204819802
2667 75.90778573459383
2668 -48.066166566123535
2669 46.61451506428418
2670 38.326189828787925
2671 15.52267014585647
2672 8.0
2673 67.66227781364682
2674 51.577757368290776
2675 45.29463075482347
2676 56.416328901039805
2677 67.40602595402144
2678 49.87485146789628
2679 68.31958689345548
2680 40.38133562615472
2681 24.982139612081617
2682 26.320438350380346
2683 19.599023469911018
2685 16.284377121136703
2687 49.96404768809929
2688 121.16474286599609
2689 47.451926475978105
2690 103.29738102143247
2691 95.45380666568904
2692 12.650458757676201
2693 23.98404712531799
2694 33.32893302041116
2695 17.882695328647525
2696 11.666666666666668
2697 8.802523062885278
2698 20.82051282051282
2699 -36.90324003898223
2700 21.669907430855037
2701 17.212592424432888
2702 40.584543122140325
2703 37.571586546070485
2704 7.0
2705 52.72865556289571
2706 91.28072836300421
2707 73.8386738255483
2708 121.00534049221525
2709 125.53497012184488
2710 55.95876288659805
2711 40.95876288659802
2712 98.95876288659817
2713 132.127201227089
2714 75.77110496245635
2715 75.50534049221515
2716 121.00534049221525
2717 80.36248334935802
2718 98.95876288659817
2719 86.95876288659821
2720 175.84248716235493
2721 137.2131049911282
2722 141.03103216199648
2723 113.86629668616462
2724 173.36629668616445
2725 173.36629668616445
2726 177.02440650543463
2727 120.69963001949787
2728 200.91890785494232
2729 163.84060976581011
2730 87.39277310924354
2731 173.36629668616445
2732 173.36629668616445
2733 197.38060976581
2734 122.8578431372546
2735 99.8262966861649
2736 173.36629668616445
2737 138.14240277603602
2738 96.87480209475062
2739 173.36629668616445
2740 173.25915382902159
2741 199.29237576512082
2742 105.0456215806797
2743 97.36629668616467
2744 188.1655762439097
2745 131.98908493565852
2746 240.35832855867397
2747 200.2426363155603
2748 114.32629668616462
2749 173.36629668616445
2750 173.36629668616445
2751 198.46756628754912
2752 139.8262966861646
2753 173.36629668616445
2754 197.38060976581
2755 139.8262966861646
2756 144.94708618888896
2757 139.8262966861646
2758 173.36629668616445
2759 173.36629668616445
2760 173.36629668616445
2761 173.36629668616445
2762 173.36629668616445
2763 173.36629668616445
2764 179.69845907886986
2765 95.32629668616468
2766 194.3729223427262
2767 159.88060976581
2768 139.8262966861646
2769 137.8208421407099
2770 173.36629668616445
2771 200.43694516953667
2772 102.57629668616491
2773 173.36629668616445
2774 173.36629668616445
2775 120.9327731092434
2776 -41.40056022408956
2777 -117.28759616522696
2778 -43.99742359909115
2779 122.16835446749558
2780 57.62841858075827
2781 35.3928802147419
2782 35.3928802147419
2783 35.3928802147419
2784 35.3928802147419
2785 36.76565454186405
2786 35.3928802147419
2787 34.451807376323345
2788 49.66493893801548
2789 69.71412559293253
2790 110.32763799201074
2791 212.0966913714383
2792 159.1041573842851
2793 65.73701244010547
2794 140.60465949892927
2795 143.68344737771716
2796 89.60465949892894
2797 140.60465949892927
2798 145.23936940943412
2799 93.97132616559561
2800 140.60465949892927
2801 140.60465949892927
2802 113.74589495155557
2803 89.60465949892895
2804 140.60465949892927
2805 140.60465949892927
2806 142.8999821351935
2807 78.15367910677223
2808 93.60465949892897
2809 143.37221201037778
2810 90.60465949892894
2811 63.49755782225505
2812 93.85677270011328
2813 147.68433956481752
2814 -39.30769230769229
2815 -38.67006278512241
2816 6.945093913179021
2817 9.570519164848518
2818 75.8031066982099
2819 353.75351100981834
2820 166.5723648476262
2821 161.47287975788277
2822 236.2150103655912
2823 316.7150103655905
2824 316.7150103655905
2825 323.7101658703165
2826 256.28420781407493
2827 290.60194007314385
2828 139.99203187250995
2829 316.7150103655905
2830 329.4706326869643
2831 143.49278814336984
2832 216.63337771253023
2833 316.7150103655905
2834 322.50241183695266
2835 140.91237878664467
2836 338.61975510386037
2837 256.21501036559084
2838 316.7150103655905
2839 316.7150103655905
2840 316.7150103655905
2841 316.7150103655905
2842 316.7150103655905
2843 316.7150103655905
2844 252.99203187250876
2845 316.7150103655905
2846 332.9500201052453
2847 193.1333777125309
2848 358.5727811847574
2849 186.5879231670761
2850 316.7150103655905
2851 316.7150103655905
2852 318.71392811450824
2853 195.21501036559204
2854 320.16580988825376
2855 198.7864389370206
2856 316.7150103655905
2857 316.7150103655905
2858 320.16580988825376
2859 201.98948380881546
2860 193.7150103655921
2861 318.9404690339063
2862 198.48153879627122
2863 95.87688035735816
2864 272.4813045093575
2865 60.92753623188415
2866 30.999999999999982
2867 4.5
2868 35.648714554327555
2869 42.49589371980682
2870 17.85534490399565
2871 17.955613014436548
2872 82.35769154636648
2873 66.33947944261281
2874 23.91836734693876
2875 71.3679008487072
2876 58.69806717194115
2877 51.655117501546115
2878 141.00000000000009
2879 175.56919744848366
2880 176.30594760309097
2881 175.56919744848366
2882 171.06919744848378
2883 223.832030447074
2884 108.55778508492244
2885 59.33333333333327
2886 193.54280282704974
2887 80.11245985983112
2888 180.86327988558503
2889 99.29913181577002
2890 78.5549319727891
2891 175.56919744848366
2892 141.00000000000009
2893 175.56919744848366
2894 175.56919744848366
2895 175.56919744848366
2896 176.30594760309097
2897 217.00807831568468
2898 175.56919744848366
2899 175.56919744848366
2900 178.65586605984498
2901 131.27745364503883
2902 77.84325999034449
2903 11.87937095123469
2904 30.506495532080443
2905 91.11899738314062
2906 160.95266857160817
2907 108.2679990417128
2908 114.27284353698666
2909 142.42753623188403
2910 107.5408687934835
2911 62.572713731890104
2912 102.1862858746394
2913 112.32699568182416
2914 41.752239877698436
2915 15.54227129633137
2916 42.54227129633139
2917 46.550012574660904
2918 37.73596956562746
2919 42.54227129633139
2920 37.38069737663487
2921 13.851975326420892
2922 28.89065014366052
2923 13.978989883497752
2924 80.97898988349782
2925 87.17832900066978
2926 48.13434271938861
2927 74.68978933719829
2928 37.53234560361139
2929 88.00602981413765
2930 88.00602981413765
2931 90.57413765443724
2932 52.8976392380107
2933 14.801344215690719
2934 13.164705592592641
2935 14.771308629541075
2936 3.8179383070423007
2937 48.76186699951103
2938 48.76186699951103
2939 51.02028913725934
2940 37.26527000115702
2941 59.54186574583787
2942 48.27659574468085
2943 53.6521121957951
2944 62.81806673740262
2945 48.27659574468085
2946 59.54186574583787
2947 57.24399340541234
2948 -43.5209763423237
2949 14.702427912995457
2950 17.20242791299545
2951 12.999999999999996
2952 8.714285714285714
2953 8.0
2954 36.59977437688764
2955 56.84197971549987
2956 22.155266147112986
2957 25.337928685812685
2958 49.33850797174532
2959 20.947368421052637
2960 6.917910416768748
2961 -9.60699860120599
2962 43.077273506479564
2963 68.35397218455589
2964 46.26648406374504
2965 74.69666789527288
2966 10.246825396825397
2967 30.995155504726007
2968 65.95346456555994
2969 70.8597145655599
2970 72.86078103721461
2971 37.90625000000001
2972 -60.74739584004796
2973 21.38936894279565
2974 19.10172577290759
2975 30.509629666792627
2976 33.75229583241618
2977 20.226326712701102
2978 12.733333333333338
2979 38.961774594374205
2980 55.5798298061054
2981 31.654744738269844
2982 151.90474473826984
2983 152.1048589373188
2984 92.11903045255556
2985 151.90474473826984
2986 151.90474473826984
2987 151.90474473826984
2988 151.90474473826984
2989 131.63095103981865
2990 20.0
2991 -12.37559359445325
2992 42.4577397388801
2993 41.30451704439813
2994 34.79316310964392
2995 34.99316310964391
2996 35.33544540744464
2997 42.41377657768044
2998 22.668778740777977
2999 37.33544540744466
3000 32.00000000000002
3001 45.38198981764359
3002 31.00000000000004
3003 -37.99999999999998
3004 28.15185880993874
3005 4.00741564921865
3006 119.99999999999974
3007 152.2021091693523
3008 141.12506270804192
3009 141.12506270804192
3010 141.12506270804192
3011 124.98412911941537
3012 31.984129119415613
3013 55.99844219906116
3014 49.11722735772393
3015 32.786037298427324
3016 11.506956786608217
3017 29.816012607657413
3018 39.6484203275063
3019 70.76027220196633
3020 43.980376193896774
3021 13.797123825324913
3022 43.76488939375076
3023 44.57267582289028
3026 22.740900946676113
3027 31.24090094667612
3028 31.24090094667612
3029 31.24090094667612
3030 31.24090094667612
3031 25.010252902155894
3032 37.052043355156364
3033 102.92386215544357
3034 26.305438291509372
3035 28.284778830686797
3036 30.41589872383566
3037 44.36090174618931
3038 8.057484409557714
3039 31.89619477429339
3040 11.818181818181818
3041 11.127770160002555
3042 25.60208356777722
3043 36.18016141243499
3044 69.79146225356621
3045 77.1057331035224
3046 39.608341854569986
3047 41.220828164699725
3048 58.7772815331787
3049 14.666666666666664
3050 13.666947792233131
3051 10.597399366802351
3052 9.264066033469017
3053 6.0
3054 12.181469488358733
3055 37.622249910332975
3057 34.181469488358715
3058 37.997975898615124
3059 22.471620372638284
3060 26.97671436397449
3061 22.441073285476275
3062 24.531831690287472
3063 49.10271115562158
3064 24.94457996823902
3065 20.78947368421053
3066 62.869096711636104
3067 45.95041930764516
3068 7.197390863400991
3069 14.054533720543848
3070 17.632604637721908
3071 23.392985665630057
3072 28.38197803698008
3073 12.999999999999998
3074 -16.448461002361714
3075 15.999999999999998
3076 -3.380112425631484
3077 25.522029770436202
3078 13.900000000000007
3079 19.339732034135015
3080 33.66728139645827
3081 24.87486275308926
3082 85.47818728303719
3083 24.369819192462447
3084 24.36403476729435
3085 37.00000000000003
3086 8.00497512437811
3087 8.170245320762403
3088 19.02738817790526
3089 46.737036425876305
3090 56.926317720671264
3091 18.08573801052631
3100 22.577072313951383
3101 27.804879420894704
3102 20.671546087561367
3103 20.193184212679228
3104 38.67575616869412
3105 29.263992172211374
3106 14.937047038307455
3107 15.627415770434686
3108 39.92351598173515
3109 39.75662565656183
3110 65.00662565656187
3111 50.95725511841552
3112 25.833333333333343
3113 65.00662565656187
3114 65.00662565656187
3115 65.00662565656187
3116 65.00662565656187
3117 65.00662565656187
3118 65.00662565656187
3119 65.00662565656187
3120 65.00662565656187
3121 65.00662565656187
3122 65.00662565656187
3123 65.00662565656187
3124 50.27194634708272
3125 28.00000000000001
3126 36.188472649254926
3127 23.80311889798088
3128 51.81648788193812
3129 51.81648788193812
3130 49.089560082561896
3131 14.953245409738244
3132 16.394486255527802
3133 22.138935463419045
3134 27.11052733955772
3135 39.78081243565314
3136 31.847937990352044
3137 2.686191013510912
3138 45.993440677397324
3139 25.843515981735152
3140 19.263698630136986
3141 10.598157486064164
3142 13.264824152730831
3143 10.0
3144 4.999999999999999
3145 4.999999999999999
3146 9.553900988133428
3148 34.63164052873818
3150 75.97431307964561
3151 75.97431307964561
3152 51.96000000000005
3153 51.96000000000005
3154 51.96000000000005
3155 76.78383688916941
3156 75.97431307964561
3157 77.06126960138474
3158 51.96000000000005
3159 75.97431307964561
3160 75.97431307964561
3161 75.97431307964561
3162 55.74236714975851
3163 10.056335403726708
3164 11.025
3165 16.20276800978283
3166 55.152690159405694
3168 19.777777777777786
3169 19.634709910504824
3170 25.592172597071993
3171 14.834709910504827
3172 19.245655783065857
3173 7.072009059419131
3174 7.0
3175 86.04144641045373
3176 29.17851267390303
3177 39.94736842105265
3178 39.22985291607319
3179 51.362269180572675
3180 12.665811965811965
3181 55.7286091992781
3182 39.663267023981284
3183 13.166666666666666
3184 7.649450549450549
3185 22.447893957567985
3186 8.0
3187 18.889929171479302
3188 23.772282112655773
3189 23.772282112655773
3190 21.730679107763507
3191 12.29469734401761
3192 24.580411629731902
3193 47.295276298412055
3194 0.0
3195 19.335688673770647
3196 15.68369963369964
3197 14.017032967032968
3198 12.172877122877123
3199 10.932851173005727
3200 21.903693252347633
3201 28.403504929727333
3202 47.30434782608695
3203 1.9323510267348496
3204 23.862968331482467
3205 27.35941630919593
3206 29.18272513142482
3207 58.427125881743535
3208 28.068713923510295
3209 43.17982503462142
3210 43.17982503462142
3211 39.213084506778365
3212 24.101973395667237
3213 27.115079365079367
3216 24.352552333617496
3217 18.69776920824613
3218 22.98348349396042
3219 -13.586023898471229
3220 18.85389512448336
3221 16.825923096511332
3222 17.854545822899496
3223 33.63621422447993
3224 15.777777777777771
3225 0.26810381875739253
3226 90.72079046739285
3227 52.29596002052658
3228 73.21717531463216
3229 64.63201908925605
3230 52.804467455121056
3231 57.40446745512105
3232 45.95454545454548
3233 57.40446745512105
3234 54.19457559519927
3235 65.2036665042901
3236 67.23069353131713
3237 35.11956331152093
3240 19.302777777777788
3241 11.01388888888889
3242 9.665613238782576
3243 15.436111111111112
3244 14.055555555555557
3245 15.377777900827812
3246 12.562527233115464
3247 17.518245013646194
3248 34.67335968388342
3249 31.35844035873965
3250 40.38837273351082
3262 19.29091920445263
3263 18.433776347309774
3264 18.97514371020563
3266 14.000000000000002
3267 37.34519725425985
3268 29.999999999999996
3269 13.833333333333336
3270 22.1503774978111
3271 17.07568316614627
3272 12.818181818181817
3273 15.018181818181816
3274 34.37485938916013
3275 71.59267430104249
3276 65.81044098622446
3277 58.291988081459024
3278 73.31942314639402
3279 73.50785079017881
3280 117.98964332476638
3281 79.22655432350469
3282 84.51934208713544
3283 95.47657306169612
3284 113.4765730616961
3285 113.4765730616961
3286 113.4765730616961
3287 113.4765730616961
3288 113.4765730616961
3289 113.4765730616961
3290 118.15266001821786
3291 6.614643324766355
3292 23.189472269386098
3293 42.553709268533616
3294 44.91581365480067
3295 34.83297710214927
3296 28.053709268533602
3297 49.3910108558352
3298 17.882352941176464
3299 -32.20373699784789
3300 10.219986449864498
3301 12.228232808969787
3302 12.321031944200218
3303 13.825053846532187
3304 18.066137446495034
3305 25.209629666792626
3306 88.15165865229983
3307 88.15165865229983
3308 88.15165865229983
3310 82.66321390768339
3311 72.72118492217622
3312 72.72118492217622
3315 72.72118492217622
3316 63.95181589288116
3317 30.584182988369186
3319 24.240618249487746
3320 33.288798701460834
3321 25.85299022710362
3322 38.80506022129829
3323 25.00506022129829
3324 16.80506022129829
3325 22.279129278639196
3326 13.774786365478858
3327 20.225123067169864
3328 24.530555678605594
3329 16.33055567860559
3330 14.00923168957813
3331 21.04115686675611
3332 15.224335768481719
3333 6.792225132228679
3334 11.999999999999998
3335 11.69672053362076
3336 13.938541927583422
3337 8.077252442608492
3338 5.0
3339 30.879414747211364
3341 17.117424242424246
3343 17.886046824032643
3344 15.809513936388509
3345 13.059513936388509
3346 14.183278540108997
3347 19.0
3348 21.6948043699187
3349 6.912158592503987
3351 -16.401064685133314
3352 35.1666666666667
3353 -6.333333333333333
3354 18.882352941176467
3355 18.882352941176467
3356 21.557422969187673
3357 7.452847805788982
3358 5.0
3359 4.998454816709293
3360 9.0
3361 25.000000000000004
3362 72.42579167863329
3363 72.42579167863329
3365 74.35224565943508
3366 37.094458381301834
3367 16.348693116734356
3368 5.0
3369 4.101691812502703
3370 14.405422051387067
3371 52.26247770761329
3372 33.393693693693706
3373 46.00000000000002
3374 28.59770114942526
3375 -36.82672343143543
3376 11.999999999999998
3377 12.999999999999996
3378 30.93103448275864
3379 30.93103448275864
3380 16.43103448275863
3381 30.93103448275864
3382 128.9123244567193
3383 1.6335600844100586
3384 12.499999999999998
3385 20.929513611306557
3386 18.37561532933526
3387 29.057898190892722
3388 14.092497006365413
3389 7.0
3390 15.449634007338583
3391 10.923825064822697
3392 13.364719228587633
3393 4.333333333333333
3394 5.0
3395 5.0
3396 20.164249153799194
3397 108.8719651420608
3398 38.72688897544301
3399 9.56173435430807
3400 20.408130081300815
3401 20.408130081300815
3402 28.265967392619274
3403 15.872438672438673
3404 7.0
3405 35.8823529411765
3406 35.8823529411765
3407 52.646027324683104
3408 42.159318630834
3409 46.159318630834
3411 51.44033170272943
3412 29.657023834576542
3413 41.60227639212131
3414 38.92709992716744
3415 16.93690384873604
3416 13.833333333333336
3417 17.67988256833293
3418 15.024475524475521
3419 18.20079971591276
3420 18.768313396763762
3422 15.500155232132801
3426 20.000000000000004
3427 22.887624591538263
3428 24.365150802759565
3429 26.4827978615831
3430 28.222797861583096
3431 19.982797861583094
3432 23.72661523661524
3434 5.0
3435 8.00925925925926
3436 7.199113407322362
3437 18.19911340732236
3438 17.48861263055695
3441 15.483837740849935
3442 7.999999999999998
3443 10.715408864450868
3444 12.722222222222221
3445 1.542232277526395
3446 6.0
3447 9.2
3448 12.885943027070216
3451 23.38745750258055
3452 22.197054199038103
3453 10.314701257861635
3454 9.817148431278866
3455 16.69294380978821
3456 21.734637647793715
3457 31.77367317420064
3458 48.54276902543935
3459 16.615871679133875
3460 22.436116535808402
3461 24.648996936015077
3463 68.54276902543936
3464 68.54276902543936
3465 68.54276902543936
3466 73.2804508088301
3467 48.88892287159321
3468 91.8921661817653
3469 33.48499601822076
3470 16.30171142603612
3471 15.707462996600787
3472 10.665203243358583
3473 10.967254967254966
3474 12.467254967254966
3475 14.967254967254966
3477 25.24949788535583
3478 18.882352941176467
3481 18.882352941176467
3482 62.77784625243517
3483 67.20891518350412
3484 18.882352941176467
3485 18.882352941176467
3486 18.882352941176467
3487 18.882352941176467
3488 62.77784625243517
3489 20.83644650842793
3490 29.6318508265323
3491 18.882352941176467
3492 18.882352941176467
3493 18.882352941176467
3495 18.882352941176467
3496 18.882352941176467
3497 18.882352941176467
3498 18.882352941176467
3499 18.882352941176467
3500 18.882352941176467
3501 40.03183574059544
3502 21.891785175608703
3503 6.0
3504 7.717286710259131
3505 31.143000398629184
3506 28.52030885780887
3507 6.0
3508 6.0
3509 1.835255069356263
3510 19.82004202718244
3512 28.22052019209753
3514 15.166443679330168
3515 13.36478120163219
3516 17.845307305102736
3517 2.0
3518 9.375516451114251
3519 5.375516451114251
3520 5.375516451114251
3521 5.375516451114251
3522 5.375516451114251
3523 2.607791180884401
3524 16.779388083735906
3525 9.115837865837864
3526 24.083119000674863
3527 19.01307026307026
3528 24.17887205387205
3529 14.63383237133237
3530 33.8408394977522
3531 18.041330901062054
3532 15.844212962962963
3534 22.078657407407402
3535 34.76586284086284
3536 16.83969589897332
3537 20.64128320056063
3538 18.805686013833633
3539 10.876584507042251
3540 8.918201885998496
3541 9.949070914960744
3542 11.851330054126663
3543 17.381989817643568
3544 26.453418389072144
3545 27.43754537319913
3546 12.999999999999998
3547 13.566391130191343
3548 10.768349186237419
3549 11.41522542498152
3550 11.768349186237423
3551 1.76834918623742
3552 4.063405797101449
3553 13.117557945765792
3554 11.117557945765796
3555 10.38361581920904
3556 7.935130970724191
3557 15.930076461551446
3559 10.333752641260844
3560 15.710935180943384
3562 19.58383562954458
3563 19.58383562954458
3564 14.846153846153843
3565 -6.497782599593936
3566 13.564913273001507
3567 8.014084507042254
3568 8.419015140733414
3571 10.223070063132177
3572 18.886140921886
3573 13.886140921885994
3574 16.886140921885996
3575 11.999999999999998
3579 18.569769536019535
3582 3.1666666666666665
3583 3.1666666666666665
3584 53.16627001174925
3585 10.239464267982765
3586 23.0
3587 29.239464267982765
3588 27.041330901062054
3589 14.819108678839829
3590 10.777777777777777
3591 9.726187881293296
3592 8.246343091936312
3593 13.347858243451462
3594 7.5
3595 25.77635899030315
3596 7.000000000000001
3597 9.987768751380369
3598 17.143000398629173
3599 29.05209130772009
3600 29.190103980986343
3606 20.758951342774868
3607 19.0
3608 9.139121285316937
3609 17.430076461551444
3610 30.430076461551444
3611 25.970973426553158
3612 15.714285714285714
3613 6.806322205066897
3614 8.304154144126095
3615 7.0
3616 7.2991452991453
3617 10.999999999999998
3621 11.874981261808596
3623 12.86190476190476
3625 14.000000000000002
3626 14.000000000000002
3628 22.891353642906438
3629 26.474686976239774
3631 15.913895993179882
3632 6.482865831383352
3633 12.260643609161129
3634 -2.8341880341880348
3635 16.065570419918245
3636 10.554700854700855
3637 17.811367521367522
3638 17.62186813186813
3639 16.747264957264953
3642 17.50897299218195
3643 8.514925373134329
3644 6.116666666666666
3645 7.014925373134327
3646 5.333333333333333
3647 -0.2350746268656716
3648 10.097266282143716
3649 26.09726628214372
3650 26.141666666666676
3651 16.141666666666666
3652 19.38987279843444
3654 6.0
3656 17.773024839441057
3659 8.902572824278971
3660 0.0
3661 6.348255813953489
3663 15.038825757575756
3664 13.038825757575756
3665 14.733881578947367
3666 7.0
3668 -0.4212121212121218
3671 7.511904761904762
3673 22.425587084148727
3674 16.11777777777778
3680 17.664249153799197
3681 6.999999999999999
3682 8.634318922750861
3684 2.3472222222222223
3685 10.555555555555555
3686 7.2
3687 12.2625
3688 9.922619047619047
3693 9.81650641025641
3694 23.822222222222223
3696 30.433333333333337
3697 30.433333333333337
3698 30.433333333333337
3700 30.433333333333337
3702 22.44444444444445
3703 7.555555555555555
3704 16.047222222222224
3707 8.169913835099257
3708 6.6000000000000005
3711 11.583333333333332
3713 13.503968253968253
3714 15.587301587301585
3716 9.464285714285715
3719 12.2
3720 19.233766233766232
3721 24.23376623376623
3722 24.23376623376623
3725 24.23376623376623
3726 24.23376623376623
3727 24.23376623376623
3728 24.23376623376623
3730 15.549999999999997
3732 10.327777777777778
3733 12.32777777777778
3734 11.026923076923076
3736 7.533333333333333
3737 9.533333333333333
3738 8.733333333333334
3739 5.0
3740 7.166666666666666
3741 9.599999999999998
3742 7.283333333333333
3743 7.25
3744 7.6
3745 5.0
3746 7.666666666666666
3748 14.491666666666667
3749 11.59155555433129
3750 2.783333333333333
3751 5.0
3753 27.541790453000463
3755 7.591401451702959
3757 8.512345679012345
3758 5.333786384118865
3759 3.0
3760 6.010752688172043
3762 9.416666666666666
3763 4.333333333333333
3764 4.476190476190476
3765 5.756849315068492
3766 5.5
3767 3.7
3771 3.0
3772 1.0
3774 6.0
3775 6.0
3776 4.5
3780 19.367877409522222
3781 -1.0
3782 0.0
