18 124
0 2 0.77617 1
0 3 0.020248 1
0 4 0.10578 1
0 5 0.698545 1
0 8 0.064782 1
0 9 0.882666 1
0 10 0.829733 1
0 11 0.498077 1
0 7 0.308665 -1
0 12 0.000459 -1
0 13 0.349306 -1
1 2 0.871228 1
1 3 0.942542 1
1 5 0.571446 1
1 6 0.107825 1
1 4 0.42746 -1
1 7 0.22516 -1
2 3 0.172964 1
2 4 0.930439 1
2 8 0.959082 1
2 9 0.929106 1
2 10 0.756232 1
2 14 0.946326 1
2 16 0.181089 1
2 7 0.730989 -1
2 11 0.849143 -1
2 12 0.187699 -1
2 13 0.633405 -1
2 15 0.131698 -1
3 8 0.047106 1
3 9 0.851144 1
3 14 0.645786 1
3 4 0.516081 -1
3 5 0.897776 -1
3 6 0.44419 -1
3 7 0.646538 -1
3 10 0.413011 -1
3 12 0.793749 -1
3 13 0.006149 -1
3 16 0.416809 -1
3 17 0.617052 -1
4 5 0.143741 1
4 9 0.685755 1
4 13 0.815802 1
4 15 0.32496 1
4 17 0.800781 1
4 6 0.654351 -1
4 7 0.374636 -1
4 8 0.933189 -1
4 10 0.291863 -1
4 12 0.146017 -1
4 16 0.726119 -1
5 6 0.080043 1
5 9 0.930408 1
5 10 0.625892 1
5 16 0.020036 1
5 17 0.074264 1
5 7 0.855582 -1
5 8 0.515031 -1
5 11 0.658567 -1
5 12 0.701266 -1
5 13 0.454315 -1
6 10 0.320829 1
6 15 0.613981 1
6 16 0.399994 1
6 17 0.62732 1
6 7 0.622838 -1
6 8 0.3502 -1
6 9 0.06598 -1
6 12 0.246246 -1
6 13 0.216387 -1
7 10 0.571288 1
7 12 0.882877 1
7 13 0.478016 1
7 16 0.564465 1
7 8 0.687835 -1
7 9 0.011226 -1
7 11 0.935958 -1
7 14 0.550347 -1
7 15 0.927051 -1
7 17 0.565726 -1
8 9 0.792823 1
8 11 0.409507 1
8 14 0.282325 1
8 15 0.104532 1
8 10 0.055555 -1
8 12 0.805656 -1
8 13 0.23209 -1
8 16 0.731933 -1
8 17 0.25748 -1
9 10 0.831286 -1
9 11 0.429594 -1
9 12 0.812011 -1
9 13 0.696004 -1
9 14 0.305524 -1
9 15 0.368071 -1
9 16 0.028854 -1
9 17 0.584354 -1
10 13 0.895464 1
10 14 0.901112 1
10 15 0.150195 1
10 16 0.696141 1
10 17 0.78952 1
10 11 0.774196 -1
10 12 0.357551 -1
11 16 0.702612 1
11 12 0.566905 -1
11 13 0.095985 -1
11 14 0.376446 -1
11 15 0.628347 -1
11 17 0.783786 -1
12 13 0.425956 1
12 14 0.47659 -1
12 16 0.899144 -1
12 17 0.091802 -1
13 14 0.488571 -1
13 15 0.475066 -1
13 16 0.097232 -1
13 17 0.660744 -1
14 15 0.469335 1
14 17 0.946921 1
14 16 0.877835 -1
15 16 0.821863 1
15 17 0.524131 1
