219 520
0 2 0.59336 -1
0 3 0.896002 -1
0 13 0.805399 -1
1 91 0.190182 1
1 115 0.502992 1
1 183 0.337359 1
1 187 0.719998 1
1 3 0.371461 -1
1 9 0.922831 -1
1 13 0.792641 -1
1 52 0.138442 -1
1 68 0.897675 -1
2 3 0.834879 1
2 7 0.840152 1
2 68 0.628037 1
2 98 0.616336 1
2 99 0.479951 1
2 123 0.233524 1
2 198 0.587023 1
2 203 0.880691 1
2 204 0.905246 1
2 18 0.640762 -1
2 196 0.120529 -1
3 8 0.684017 1
3 13 0.072341 1
3 37 0.304768 1
3 48 0.651622 1
3 50 0.619631 1
3 55 0.913727 1
3 74 0.750815 1
3 75 0.558886 1
3 79 0.605679 1
3 89 0.283807 1
3 101 0.202744 1
3 106 0.489019 1
3 116 0.800923 1
3 117 0.176384 1
3 127 0.39557 1
3 144 0.394889 1
3 178 0.396055 1
3 186 0.082021 1
3 188 0.918218 1
3 189 0.872882 1
3 191 0.907856 1
3 67 0.601202 -1
3 91 0.383427 -1
3 93 0.915852 -1
3 115 0.801652 -1
3 181 0.262528 -1
4 5 0.37339 1
4 8 0.320986 1
4 18 0.880485 1
4 53 0.668278 1
4 69 0.668091 1
4 6 0.275334 -1
4 148 0.091588 -1
5 9 0.686794 1
5 6 0.793915 -1
6 15 0.620932 1
6 18 0.137975 1
6 208 0.190616 1
6 9 0.959666 -1
6 182 0.20632 -1
7 14 0.272394 1
8 101 0.334905 1
8 127 0.423021 1
8 186 0.851411 1
8 198 0.600497 1
8 203 0.017819 1
8 73 0.436492 -1
8 187 0.568847 -1
9 10 0.285569 1
9 11 0.088665 1
9 12 0.243924 1
9 17 0.244846 -1
11 37 0.910856 1
11 49 0.943529 1
11 50 0.907702 1
11 81 0.932753 1
11 90 0.980765 1
11 120 0.531588 1
11 124 0.959961 1
11 123 0.435371 -1
11 137 0.902841 -1
13 164 0.458118 1
14 21 0.453597 1
14 22 0.967709 1
14 23 0.898641 1
15 71 0.776814 1
15 142 0.939522 1
15 208 0.826736 1
15 16 0.787001 -1
16 17 0.417577 1
16 41 0.115175 1
16 20 0.09955 -1
17 18 0.241673 1
17 57 0.438767 1
17 61 0.565759 1
17 71 0.96547 1
17 196 0.017022 1
17 19 0.434067 -1
17 41 0.704628 -1
17 60 0.76794 -1
18 25 0.657766 1
18 26 0.553458 1
18 38 0.030238 1
18 40 0.830844 1
18 44 0.538859 1
18 57 0.978374 1
18 61 0.45065 1
18 93 0.507231 1
18 110 0.066604 1
18 111 0.12398 1
18 118 0.080995 1
18 143 0.708596 1
18 154 0.509371 1
18 159 0.334604 1
18 193 0.148273 1
18 194 0.084164 1
18 195 0.376236 1
18 196 0.198513 1
18 41 0.711265 -1
18 68 0.53379 -1
18 98 0.192646 -1
18 198 0.09708 -1
19 33 0.932258 1
19 47 0.052064 1
19 48 0.498152 1
19 98 0.33676 1
19 203 0.636585 1
20 57 0.650962 1
21 22 0.934639 1
22 68 0.069255 1
24 25 0.541026 1
24 26 0.426299 1
24 69 0.113716 1
24 70 0.640905 1
24 123 0.489207 1
24 136 0.873782 1
24 137 0.28484 1
24 138 0.89597 1
24 139 0.075785 1
24 140 0.732586 1
24 124 0.399171 -1
25 42 0.445967 1
25 112 0.292778 1
26 38 0.861352 1
26 39 0.687157 1
26 42 0.34656 1
27 28 0.262291 1
27 29 0.475728 1
27 30 0.376192 1
27 31 0.384745 1
27 32 0.841422 1
27 33 0.74899 1
27 34 0.086431 1
27 35 0.971858 1
27 36 0.688354 1
27 37 0.49398 1
27 41 0.92465 1
27 46 0.177526 1
27 42 0.052041 -1
28 41 0.687867 1
28 90 0.334206 1
30 46 0.208175 1
30 50 0.554697 1
30 42 0.712381 -1
31 191 0.037192 1
33 120 0.789837 1
33 61 0.910482 -1
33 123 0.729431 -1
34 41 0.464597 1
34 191 0.170822 1
35 120 0.167294 1
36 128 0.187957 1
36 123 0.863657 -1
37 41 0.423464 1
37 47 0.042135 1
37 49 0.041798 1
37 68 0.242628 1
37 128 0.997554 1
37 172 0.358256 1
38 55 0.523549 1
38 65 0.541642 1
38 71 0.652226 1
38 112 0.310755 1
38 113 0.854923 1
38 90 0.59382 -1
38 101 0.514575 -1
38 109 0.431784 -1
38 114 0.576782 -1
40 91 0.660137 1
41 49 0.659553 1
41 98 0.985912 1
41 194 0.538429 -1
42 43 0.711913 1
42 44 0.566114 1
42 45 0.459814 1
42 46 0.874171 -1
44 91 0.304727 1
44 179 0.549281 1
44 208 0.02733 1
44 169 0.51793 -1
45 110 0.851261 1
45 112 0.881987 1
45 90 0.717473 -1
47 68 0.678327 1
47 74 0.936955 1
48 49 0.090411 1
48 68 0.744722 1
48 81 0.065884 1
48 122 0.528458 1
48 198 0.407363 1
48 203 0.746202 1
48 61 0.216793 -1
49 50 0.367793 1
49 51 0.321835 1
49 52 0.854748 1
49 62 0.367114 1
49 78 0.473497 1
49 81 0.16811 1
49 53 0.716499 -1
49 82 0.309033 -1
50 52 0.324983 1
50 55 0.987995 1
50 62 0.496034 1
50 69 0.53952 1
50 71 0.098487 1
50 117 0.818232 1
50 123 0.663894 1
50 140 0.558653 1
50 141 0.094851 1
50 142 0.465156 1
50 143 0.813604 1
50 144 0.783313 1
50 153 0.470212 1
50 173 0.163079 1
50 174 0.592898 1
50 68 0.405337 -1
50 129 0.509001 -1
50 165 0.668146 -1
52 123 0.03416 1
52 182 0.616228 1
52 191 0.436517 1
52 54 0.474683 -1
52 55 0.372221 -1
52 184 0.378211 -1
53 55 0.127184 1
53 71 0.786431 1
53 142 0.803649 1
53 159 0.182216 1
53 179 0.161877 1
53 194 0.713669 1
53 196 0.58306 1
53 199 0.184807 1
53 208 0.303154 1
53 211 0.827557 1
53 164 0.533542 -1
53 169 0.223483 -1
53 213 0.914388 -1
54 57 0.772393 1
54 59 0.631777 1
55 57 0.596977 1
55 59 0.493642 1
55 140 0.774386 1
55 90 0.491403 -1
55 115 0.801671 -1
55 196 0.161042 -1
56 57 0.765923 1
57 58 0.467958 1
57 59 0.213257 1
57 61 0.543135 1
57 63 0.085216 1
57 65 0.345856 1
57 83 0.405385 1
57 196 0.408525 1
57 64 0.620125 -1
58 83 0.737998 1
61 73 0.812806 1
61 91 0.834983 1
61 92 0.630524 1
61 93 0.727026 1
61 115 0.308421 1
61 184 0.23984 1
62 81 0.528362 1
66 67 0.279093 1
66 71 0.766556 1
66 73 0.184818 1
66 140 0.548273 1
66 208 0.452807 1
67 69 0.82918 1
67 70 0.957387 1
67 91 0.871772 1
67 115 0.947764 1
67 140 0.787355 1
68 79 0.911871 1
68 90 0.728546 1
68 98 0.009288 1
68 99 0.202728 1
68 120 0.336158 1
68 122 0.640906 1
68 127 0.144055 1
68 128 0.417217 1
68 188 0.83657 1
68 189 0.102994 1
68 123 0.73936 -1
68 140 0.880747 -1
69 91 0.531306 1
69 123 0.578136 1
69 137 0.937571 1
69 140 0.571122 1
69 147 0.939842 1
69 124 0.613348 -1
71 72 0.332664 1
71 73 0.177454 1
71 91 0.670393 1
71 112 0.420988 1
71 140 0.501566 1
71 142 0.055116 1
71 196 0.482226 1
71 208 0.585647 1
71 182 0.849186 -1
71 203 0.26693 -1
73 93 0.339098 1
73 184 0.395026 1
73 182 0.740588 -1
74 75 0.885357 1
74 98 0.105762 1
75 120 0.439739 1
76 77 0.59362 1
76 78 0.827313 1
76 79 0.131185 1
76 80 0.163712 1
76 98 0.164954 1
76 120 0.12029 1
77 120 0.900172 1
78 120 0.943702 1
79 98 0.560611 1
79 189 0.10663 1
79 184 0.728518 -1
81 88 0.739306 1
81 83 0.946196 -1
82 112 0.565059 1
83 84 0.120017 1
83 85 0.580791 1
83 86 0.8434 1
83 87 0.629611 1
84 112 0.694641 1
84 140 0.214051 1
87 91 0.532876 1
87 140 0.829994 1
87 182 0.737208 -1
89 90 0.187285 1
89 135 0.790339 1
89 123 0.642149 -1
90 95 0.38951 1
90 96 0.92787 1
90 97 0.43518 1
90 103 0.20304 1
90 104 0.105409 1
90 105 0.074518 1
90 106 0.036076 1
90 107 0.095647 1
90 108 0.995378 1
90 109 0.004268 1
91 92 0.454502 1
91 93 0.616995 1
91 94 0.297358 1
91 115 0.527924 1
91 150 0.993208 1
91 161 0.87512 1
91 181 0.884865 1
91 184 0.204072 1
91 185 0.648421 1
93 115 0.375174 1
93 161 0.53661 1
93 179 0.80383 1
93 184 0.001992 1
95 96 0.277493 1
95 98 0.648762 1
96 97 0.971042 1
98 99 0.947693 1
98 100 0.882104 1
98 101 0.882578 1
98 102 0.85208 1
98 103 0.865713 1
98 198 0.368112 1
98 203 0.964501 1
98 201 0.106716 -1
101 120 0.149925 1
101 124 0.47425 1
101 123 0.728284 -1
103 203 0.133217 1
107 120 0.018408 1
110 112 0.924286 1
111 196 0.537657 1
112 113 0.520455 1
112 118 0.99028 1
112 140 0.276031 1
115 183 0.633733 1
115 182 0.192645 -1
116 198 0.166916 1
116 203 0.400586 1
119 120 0.477665 1
119 121 0.736239 1
120 121 0.599165 1
120 124 0.172053 1
120 126 0.693999 1
120 131 0.621124 1
120 148 0.851783 1
120 155 0.445517 1
120 164 0.314927 1
120 165 0.55887 1
120 166 0.679365 1
120 167 0.540394 1
120 168 0.704023 1
120 169 0.290549 1
120 170 0.155932 1
120 171 0.721463 1
120 172 0.828245 1
120 123 0.001835 -1
120 140 0.895593 -1
121 124 0.521324 1
121 148 0.038808 1
121 123 0.703167 -1
121 154 0.436666 -1
123 125 0.022996 1
123 130 0.701517 1
123 132 0.752586 1
123 134 0.205337 1
123 124 0.407018 -1
123 126 0.351069 -1
123 127 0.856439 -1
123 128 0.455335 -1
123 129 0.448165 -1
123 131 0.761969 -1
123 133 0.364914 -1
124 128 0.389614 1
124 148 0.285988 1
124 125 0.422396 -1
124 137 0.633899 -1
126 148 0.815712 1
127 128 0.968141 1
127 172 0.466388 1
129 140 0.391006 -1
129 147 0.949435 -1
135 148 0.363618 1
136 137 0.290979 1
136 196 0.119904 1
138 182 0.129292 -1
140 145 0.537692 1
140 147 0.405608 1
140 149 0.318393 1
140 150 0.100437 1
140 151 0.746468 1
140 152 0.664904 1
140 153 0.851568 1
140 154 0.480396 1
140 156 0.970217 1
140 157 0.957439 1
140 158 0.082835 1
140 159 0.049185 1
140 160 0.157105 1
140 161 0.046034 1
140 162 0.687297 1
140 163 0.137678 1
140 173 0.228941 1
140 174 0.009491 1
140 148 0.817905 -1
140 155 0.068307 -1
142 143 0.635934 1
142 199 0.827675 1
142 200 0.372925 1
142 201 0.69652 1
142 208 0.775198 1
142 203 0.299658 -1
145 146 0.267863 1
148 175 0.629979 1
148 174 0.323879 -1
148 176 0.185691 -1
148 177 0.200735 -1
159 208 0.592734 1
161 182 0.938359 -1
164 169 0.145298 1
169 191 0.855771 1
169 179 0.236055 -1
169 180 0.205325 -1
174 191 0.070015 1
179 180 0.022926 1
182 190 0.736983 1
182 196 0.854554 -1
185 196 0.550563 1
187 196 0.379744 1
191 192 0.108758 1
197 198 0.751565 1
198 202 0.979552 1
198 203 0.811342 1
198 205 0.88872 1
198 206 0.70553 1
198 207 0.267519 1
198 209 0.228114 1
198 210 0.545306 1
198 208 0.752434 -1
201 208 0.997576 1
201 203 0.300279 -1
202 203 0.516439 1
203 204 0.947186 1
203 205 0.239031 1
203 209 0.430138 1
203 210 0.177162 1
203 212 0.968853 1
203 213 0.801288 1
203 214 0.021874 1
203 215 0.060661 1
203 216 0.502326 1
203 208 0.469936 -1
208 211 0.110847 1
208 217 0.497633 1
208 218 0.417937 1
208 213 0.346626 -1
