0 -10.464743589743598 0
1 46.30054390054393 -1.0
2 46.56264846264845 -1.0
3 0.9166666666666665 0.3333333333333333
4 5.488192363192365 0
5 7.988095238095239 7.644444444444442
6 1.0416666666666667 4.13015873015873
7 0 4.928571428571429
8 0.08333333333333333 0.0
9 7.406843156843156 -0.6666666666666665
10 0.1297619047619032 4.999999999999999
11 38.1861194361194 4.999999999999999
12 6.5 1.0
13 16.01831501831502 5.067460317460317
14 0 7.027777777777778
15 -2.2888278388278387 6.467948717948721
16 14.454545454545457 5.563492063492064
17 8.045454545454545 8.158730158730158
18 0 7.000000000000001
19 36.70852758352756 -0.75
20 0 5.766666666666667
21 14.169072594072595 2.166666666666667
22 11.040237540237541 3.0
23 22.640562215562205 1.6666666666666667
24 32.561463536463535 5.916666666666667
25 24.21419413919414 4.2
26 4.9004329004329 4.166666666666667
27 10.184898434898432 4.166666666666666
28 3.9761904761904767 4.583333333333333
29 10.73168498168498 3.666666666666667
30 10.026107226107227 5.944444444444443
31 0 5.809523809523809
32 12.937229437229439 3.666666666666667
33 0 5.166666666666666
34 0.5 1.1858974358974368
35 0 5.166666666666666
36 0 3.666666666666667
37 0 4.166666666666666
38 0 6.416666666666667
39 0 6.583333333333332
40 1.0 5.833333333333334
41 23.302167277167275 -1.833333333333333
42 2.511904761904762 6.044444444444444
43 0 3.4444444444444446
44 28.552331002331 0
45 2.0492424242424243 1.0
46 12.791039516039511 -1.0
47 20.38528693528693 3.5
48 22.715295815295814 -0.5
49 -1.5 5.538461538461537
50 5.98511211011211 2.0
51 2.166666666666667 6.123376623376623
52 0.9166666666666666 0.8869047619047621
53 4.625 3.0
54 2.6011904761904763 4.95
55 0 3.666666666666667
56 36.89423909423908 3.666666666666667
57 0 3.666666666666667
58 18.7964035964036 -2.333333333333333
59 8.172111222111221 7.678571428571429
60 3.333333333333334 7.25
61 12.785353535353536 6.421428571428571
62 21.81556776556777 10.750000000000002
63 -1.1523809523809527 4.554945054945055
64 0 2.742857142857143
65 0.41666666666666663 4.999999999999999
66 1.125 3.0
67 4.232697857697858 4.0
68 0 3.0
69 36.1460594960595 5.833333333333334
70 11.287878787878789 7.250000000000001
71 1.98968253968254 -1.0
72 7.059523809523808 2.928571428571428
73 3.9499999999999997 -3.0
74 11.687301587301588 2.266666666666666
75 10.058730158730159 5.300000000000001
76 20.058791208791202 -3.0
77 0 -3.0
78 5.065018315018315 3.5
79 9.033333333333335 3.5
80 11.47177544677545 5.5
81 5.453968253968254 5.5
82 7.491847041847041 5.5
83 1.6483516483516483 5.0
84 0.08333333333333333 5.5
85 0 7.999999999999998
86 0 7.499999999999997
87 0 7.371794871794874
88 2.621212121212121 8.371794871794872
89 0 5.5
90 0 0.9285714285714286
91 0 5.5
92 9.672932622932624 0.5
93 6.34380896880897 3.0
94 29.304609279609274 0
95 0 2.0
96 0.2833333333333333 1.0
97 0.5416666666666667 1.0
98 0 1.0
99 13.751623376623378 8.080769230769231
100 7.868686868686869 3.75
101 15.139194139194137 8.142857142857142
102 0 4.0
103 27.79027361527362 0
104 9.670634920634917 1.0
105 0 1.0
106 10.39551282051282 1.0
107 1.3333333333333335 1.0
108 0 1.0
109 1.9325396825396826 1.0
110 10.184898434898432 1.0
111 -0.3159340659340657 1.0
112 0 0.3333333333333333
113 0 4.995421245421245
114 0 9.499999999999996
115 0 7.0
116 0 7.499999999999998
117 0 3.642857142857143
118 0 -2.0
119 0 5.0
120 8.71978021978022 5.0
121 0.5 3.3500000000000005
122 0.8333333333333334 4.833333333333333
123 0 7.25
124 0 6.0
125 1.4166666666666667 7.0
126 10.184898434898432 4.0
127 1.6483516483516483 -4.0
128 0 6.0
129 0 11.038461538461537
130 0 11.038461538461537
131 1.3333333333333335 5.633699633699632
132 10.575091575091577 -8.73076923076923
133 0 5.5
134 4.283333333333334 -3.666666666666667
135 0 6.577777777777778
136 0 5.0
137 0 8.136363636363637
138 0 0.4696969696969693
139 0 5.6
140 3.9499999999999997 0
141 5.666666666666666 8.0
142 0 8.0
143 9.282814407814408 4.333333333333333
144 0 -6.0
145 0 8.977777777777778
146 25.713098013098012 0
147 0 5.871794871794873
148 0 8.0
149 19.787351537351533 0
150 10.184898434898432 1.0
151 0 1.0
152 0 6.0
153 15.787545787545785 4.333333333333333
154 0 4.333333333333333
155 0 4.333333333333333
156 20.13482905982906 4.333333333333333
157 -0.6190476190476193 3.0
158 5.309523809523808 8.142857142857142
159 0.5 6.1428571428571415
160 0 6.6428571428571415
161 7.159090909090908 9.92063492063492
162 0 8.142857142857142
163 0 8.142857142857142
164 10.184898434898432 8.142857142857142
165 0 8.142857142857142
166 0 10.777777777777775
167 0 13.316239316239315
168 0.5416666666666667 11.916239316239317
169 0.08333333333333333 10.777777777777775
170 0 10.777777777777775
171 0 10.777777777777775
172 7.946969696969697 -0.7222222222222221
173 12.560356310356305 0
174 -1.1111721611721612 7.5
175 -0.6190476190476193 -0.23076923076922984
176 0 -0.23076923076922984
177 0 0.5384615384615389
178 0 12.999999999999996
179 0 12.999999999999996
180 0 12.999999999999996
181 0 12.999999999999996
182 0 12.999999999999996
183 0 2.9120879120879115
184 0 13.76923076923077
185 0 13.76923076923077
186 0 13.76923076923077
187 0 -14.23076923076923
188 1.0 14.538461538461537
189 0 14.538461538461537
190 0 14.538461538461537
191 0 14.538461538461537
192 0 14.538461538461537
193 0 14.538461538461537
194 0 14.538461538461537
195 0 14.538461538461537
196 0 14.538461538461537
197 0 14.538461538461537
198 0 6.0
199 0 3.0
200 0 8.428571428571427
201 0 -7.571428571428573
202 0 -7.571428571428573
203 0 0.5
204 0 8.25
205 0 8.0
206 5.778138528138527 0
207 7.159090909090908 8.714285714285712
208 0 11.714285714285715
209 0 8.714285714285712
210 0 8.714285714285712
211 0 11.714285714285715
212 0 11.714285714285715
213 0 13.5
214 0 13.5
215 0 13.5
216 0 13.5
217 0 12.636363636363633
218 0 12.636363636363633
