0 0.0015149511769879938 0.0
1 0.0 0.0
2 0.005072202000025703 0.0
3 0.0012074229391158759 0.0
4 0.003737377772604924 0.0
5 0.025398598313387828 0.0
6 0.01153927099826522 0.0
7 0.0029205183770598373 0.0
8 0.0007311485412973953 0.0
9 0.00046642161164997005 0.0
10 0.0011402000955171314 0.0
11 0.0047807213361013325 0.0
12 0.003264050838125494 0.0
13 0.009701281277876278 0.0
14 0.003046555426071087 0.0
15 0.0019347167279060182 0.0
16 0.0010862914879531977 0.0
17 0.004688162915843495 0.0
18 0.0021999191995442815 0.0
19 0.0038976108190268014 0.0
20 0.0033923941688879223 0.0
21 0.01223743409988627 0.0
22 7.925641468924444e-05 0.0
23 0.0027163928565163615 0.0
24 0.0011423437143719775 0.0
25 0.000230644290203288 0.0
26 8.760482332189641e-05 0.0
27 0.0017525580190104666 0.0
28 0.00483182720627082 0.0
29 0.0012315194693366723 0.0
30 0.0021468276360355034 0.0
31 0.0004328515661081344 0.0
32 0.00012020117513075289 0.0
33 0.00013828291669709593 0.0
34 0.00014342234073289867 0.0
35 0.0015419965753436986 0.0
36 0.00022395389287388698 0.0
37 0.00023724386874946472 0.0
38 0.0014560059655635315 0.0
39 0.00012004200977102917 0.0
40 0.001362987220697677 0.0
41 0.0029323235131038634 0.0
42 0.00105019645600303 0.0
43 1.707281186743956e-05 0.0
44 0.01154630449845494 0.0
45 0.0014977313918198704 0.0
46 0.0019557806229659955 0.0
47 0.0007040729495502925 0.0
48 0.0018155964274904459 0.0
49 0.00021493079781549873 0.0
50 0.00014983261181400435 0.0
51 0.0028059048851055645 0.0
52 0.0015736114707432377 0.0
53 0.0005710440461167963 0.0
54 0.0004202112849181466 0.0
55 0.0010962359692475278 0.0
56 0.00032977046204570325 0.0
57 0.0018356996526666732 0.0
58 0.007058928596990299 0.0
59 0.0007075538923758251 0.0
60 0.0009882664618508707 0.0
61 0.004608613597110917 0.0
62 0.0235032794346054 0.0
63 0.0068034112576668745 0.0
64 0.01734808685884481 0.0
65 0.0056157437903903845 0.0
66 0.0005758695005133499 0.0
67 3.7512659925561594e-05 0.0
68 0.0005487968443550382 0.0
69 0.0019201544218195366 0.0
70 5.696411039439828e-05 0.0
71 5.296510054147182e-05 0.0
72 0.0009584926214779506 0.0
73 0.0005994769532350879 0.0
74 0.005202160627097606 0.0
75 0.00010456287974955713 0.0
76 0.00010222230550935143 0.0
77 0.00015198471804350104 0.0
78 0.0 0.0
79 0.001206992540031179 0.0
80 0.0027772283371023075 0.0
81 0.004794483395642048 0.0
82 0.017188472673184695 0.0
83 0.005503382729882811 0.0
84 0.007954541932995723 0.0
85 0.0017524203773056633 0.0
86 0.0355274971432654 0.0
87 0.007090747108576692 0.0
88 0.0016023067763663375 0.0
89 0.00232818391594919 0.0
90 0.00047867780999875676 0.0
91 0.0013090314604456406 0.0
92 0.0025677836593242416 0.0
93 0.003096032592438907 0.0
94 0.0005492724034566838 0.0
95 0.0005398082136797129 0.0
96 0.00997426133580576 0.0
97 0.0003508898492691283 0.0
98 0.0004961689339377095 0.0
99 0.00024386385260982436 0.0
100 0.001748468823991811 0.0
101 0.0005083474443927434 0.0
102 0.0010753517289366892 0.0
103 0.0006711299557744714 0.0
104 7.508957790580886e-05 0.0
105 0.006367617741898088 0.0
106 0.008618386192551376 0.0
107 0.020871390602775697 0.0
108 0.0024233658468619797 0.0
109 5.042550201941909e-06 0.0
110 1.0167716896547998e-05 0.0
111 3.119078155537825e-07 0.0
112 7.82097616981366e-05 0.0
113 0.004859314310440929 0.0
114 0.007494325969436964 0.0
115 0.006343081466058926 0.0
116 0.0022097778740646353 0.0
117 0.00016844693625177377 0.0
118 0.00045986016018511526 0.0
119 2.3963922068614906e-05 0.0
120 0.00010151282331594436 0.0
121 0.023388895230087 0.0
122 0.00024983778545960603 0.0
123 0.00045364440003142884 0.0
124 0.0017828093943013839 0.0
125 0.0002550345511038596 0.0
126 0.00022069016303686708 0.0
127 0.0003364234633557683 0.0
128 0.008627913150546281 0.0
129 0.01386644008153471 0.0
130 0.0 0.0
131 0.0007992435854025968 0.0
132 0.0014234097054788932 0.0
133 0.004554144683394966 0.0
134 0.0015973678156021727 0.0
135 0.00023501002766524609 0.0
136 3.7204707765168276e-05 0.0
137 0.0033446778019589124 0.0
138 0.00028838820929012315 0.0
139 0.000961899029278731 0.0
140 0.0011232943178356985 0.0
141 0.006001594005149262 0.0
142 0.005787785281531149 0.0
143 0.0008283744446880067 0.0
144 1.5136279868248583e-05 0.0
145 0.0017588358810848902 0.0
146 0.0004058831448063812 0.0
147 0.0003294656685887531 0.0
148 0.000125172284964524 0.0
149 0.0004971963240917636 0.0
150 0.0003519774749027531 0.0
151 0.000591857046703296 0.0
152 0.001517037636064627 0.0
153 0.00032732821394387487 0.0
154 0.00028314134934984673 0.0
155 0.0029804247247546853 0.0
156 0.0006951720323516803 0.0
157 0.003120971627821973 0.0
158 0.000983649278923769 0.0
159 0.0007992655836498553 0.0
160 0.06861602318824253 0.0
161 0.0010141429918314772 0.0
162 0.0015212880723285626 0.0
163 0.0015107352193331179 0.0
164 0.0016346356118012433 0.0
165 0.005100601554907795 0.0
166 0.012776774303843332 0.0
167 0.0014338747487816002 0.0
168 0.0025913301865053925 0.0
169 0.003812097638389123 0.0
170 0.00541208285130853 0.0
171 0.0004083946771554263 0.0
172 0.0028867379685071173 0.0
173 0.0035743697823173437 0.0
174 0.002730999530312382 0.0
175 5.779433849538964e-06 0.0
176 0.0005781644832217987 0.0
177 0.002696856693619324 0.0
178 0.0006123230421052637 0.0
179 0.001965386045929453 0.0
180 0.005485359665469194 0.0
181 0.0016274627726525206 0.0
182 0.00060759344837776 0.0
183 0.013726838452863733 0.0
184 0.0033378846322793245 0.0
185 0.00017048292680723812 0.0
186 0.00012922486870093377 0.0
187 0.0004628511206900781 0.0
188 0.00020513347951495078 0.0
189 0.0024881100194959205 0.0
190 0.00022528933250910555 0.0
191 0.007020938101414957 0.0
192 8.627851001063637e-05 0.0
193 8.893905345232351e-05 0.0
194 0.00040433964005354145 0.0
195 0.0002686770377002939 0.0
196 0.00012016711749710966 0.0
197 0.0003883204561143 0.0
198 0.001245740683429024 0.0
199 0.0010918392135728938 0.0
200 0.00047623478635433686 0.0
201 0.0009882460439921902 0.0
202 7.503081245937893e-06 0.0
203 0.0 0.0
204 0.00017213923859297597 0.0
205 0.00029949864173703334 0.0
206 0.0022368211820036317 0.0
207 0.00015534396424068446 0.0
208 6.171615662411944e-05 0.0
209 0.0038945080164472577 0.0
210 0.0019564865716874273 0.0
211 0.01293836985643575 0.0
212 0.004136652337392173 0.0
213 0.0011945856168934213 0.0
214 0.0009928771829380866 0.0
215 0.006191259963992597 0.0
216 0.0002683333900085204 0.0
217 0.0011619550996387973 0.0
218 0.0014834279882292006 0.0
219 1.0604753875849767e-05 0.0
220 3.2265255935065327e-05 0.0
221 0.0013104298044926568 0.0
222 0.0013240944063704272 0.0
223 0.0009377033342799739 0.0
224 2.4661508379102368e-05 0.0
225 0.00013024250613769345 0.0
226 0.0012300814870019948 0.0
227 0.0 0.0
228 3.2117586566081864e-05 0.0
229 0.001368023972195342 0.0
230 0.002211892288212059 0.0
231 0.005785154281749021 0.0
232 0.0063281340879293106 0.0
233 0.0010339126927270913 0.0
234 0.000907464857006199 0.0
235 0.00012217836163301885 0.0
236 0.0006385113802584002 0.0
237 0.0002567667834361042 0.0
238 0.002153463036601475 0.0
239 0.0 0.0
240 9.718458642583069e-05 0.0
241 0.00015378425616291536 0.0
242 0.001444930779731007 0.0
243 0.0015527194759531963 0.0
244 0.00032782174322281896 0.0
245 0.0007513573031675735 0.0
246 6.055786130311413e-05 0.0
247 3.062242102928262e-05 0.0
248 0.0001766804644699876 0.0
249 0.008728568757714274 0.0
250 0.0007824362803983309 0.0
251 0.0003030849362236612 0.0
252 0.004231423952599653 0.0
253 0.00033352489910239163 0.0
254 0.0008085152197086111 0.0
255 0.0010494376116288388 0.0
256 0.0027551698515108796 0.0
257 5.793217235547798e-05 0.0
258 0.0024750702137350564 0.0
259 0.0004701111431492035 0.0
260 0.00019006391361068515 0.0
261 0.000698716104213906 0.0
262 0.0009851301719826803 0.0
263 0.0018851032183477387 0.0
264 0.0007047943121737259 0.0
265 0.0005766072766383343 0.0
266 0.000431688819008632 0.0
267 5.316748371981638e-05 0.0
268 0.0005370481601415798 0.0
269 0.0052579977568266685 0.0
270 1.0785271375839651e-05 0.0
271 0.003001300003162133 0.0
272 0.001653461855753878 0.0
273 0.0002558468033412097 0.0
274 0.00010985439464859169 0.0
275 0.001588851533493752 0.0
276 2.130448439652808e-06 0.0
277 4.669101524548148e-05 0.0
278 0.0008887007157751349 0.0
279 1.0438295434413038e-05 0.0
280 0.006796421899430687 0.0
281 0.0006646540799465092 0.0
282 0.006545841001357521 0.0
283 0.007878730623947481 0.0
284 0.0008164743535208709 0.0
285 0.00405027514782499 0.0
286 0.00032202110402719286 0.0
287 0.0001839154777671988 0.0
288 0.0007478359696751619 0.0
289 0.0 0.0
290 0.006817133870105558 0.0
291 0.00012752304790926173 0.0
292 0.00033348621260603355 0.0
293 5.8204019183694266e-05 0.0
294 0.00011233529240443531 0.0
295 0.003925676492202218 0.0
296 0.000697620638002759 0.0
297 0.0010067996745243498 0.0
298 0.00016234731543582313 0.0
299 0.00042749808647618055 0.0
300 0.002089171442229297 0.0
301 0.009885279481666256 0.0
302 0.00011118089883099553 0.0
303 0.004148462395690493 0.0
304 0.0003512799465513622 0.0
305 0.0009105684967889691 0.0
306 0.004691124053348909 0.0
307 0.00013524006655694974 0.0
308 0.0004643697782392948 0.0
309 0.0007205636887543126 0.0
310 0.0002221184872077968 0.0
311 0.00040638883159854636 0.0
312 0.00046525730893120593 0.0
313 3.593653022378003e-05 0.0
314 0.0010563647571752508 0.0
315 0.0 0.0
316 0.0020159216513491018 0.0
317 6.464825815875595e-05 0.0
318 0.0007788689448599236 0.0
319 0.0 0.0
320 0.001540748524387326 0.0
321 0.00265993727435467 0.0
322 0.0005849917179920652 0.0
323 0.000973225643505729 0.0
324 0.00018669855661793955 0.0
325 0.0011083482780010006 0.0
326 0.001117055984006778 0.0
327 0.0028013094555555465 0.0
328 9.544501555382508e-05 0.0
329 0.0034892366011495765 0.0
330 4.26707344554326e-05 0.0
331 0.0003377483983446415 0.0
332 0.00030033846472747095 0.0
333 0.010486322076742199 0.0
334 4.3258440768183275e-05 0.0
335 0.000519043246828272 0.0
336 0.0003100035033735995 0.0
337 0.00044013762215979775 0.0
338 0.0009143314409723371 0.0
339 0.0007810129599386473 0.0
340 0.007010617729750357 0.0
341 1.5145714557207653e-05 0.0
342 0.002312110397509539 0.0
343 0.00010974453737272715 0.0
344 0.0001034946788041923 0.0
345 0.00011527511340837611 0.0
346 0.00023844714997858896 0.0
347 0.0002583601317836149 0.0
348 0.0 0.0
349 0.00029416763644064006 0.0
350 0.0008763635043661101 0.0
351 0.00114768310188044 0.0
352 0.00018749667201425712 0.0
353 0.0022122199164760453 0.0
354 1.8943681047937973e-05 0.0
355 0.00029952692219953743 0.0
356 0.0004575940062722235 0.0
357 0.0005975940656048271 0.0
358 0.0011665324262723504 0.0
359 0.00013223426800612216 0.0
360 0.0004433014407106298 0.0
361 0.0003324088749118611 0.0
362 0.0018986413397649264 0.0
363 0.0004975136151720208 0.0
364 3.1807291255380823e-06 0.0
365 0.00048744466338341544 0.0
366 0.004947940202650509 0.0
367 0.0018689911584156035 0.0
368 0.0016649860661226402 0.0
369 5.237110750865311e-05 0.0
370 0.0010093294572863082 0.0
371 0.002005004984918569 0.0
372 0.00025175240347911703 0.0
373 0.0006718387000808141 0.0
374 5.363970171067842e-05 0.0
375 0.003565276649382789 0.0
376 0.0022273971251227545 0.0
377 0.015049572253646292 0.0
378 2.3025984376959483e-05 0.0
379 0.0023206082249013467 0.0
380 0.0013431596237325949 0.0
381 0.0011993600060540871 0.0
382 0.0 0.0
383 0.0 0.0
384 0.0 0.0
385 7.043813099640236e-05 0.0
386 0.0 0.0
387 0.0005405807442101557 0.0
388 0.0001107293565007428 0.0
389 0.0006493191640107805 0.0
390 0.0006049062741840681 0.0
391 3.752588028144804e-05 0.0
392 9.493220686823679e-05 0.0
393 0.004461267947046079 0.0
394 0.0002112258206483602 0.0
395 0.0005638204382214814 0.0
396 2.1167363917891952e-07 0.0
397 0.0015664948942813101 0.0
398 0.0 0.0
399 1.933793727581923e-05 0.0
400 0.0005082882104226199 0.0
401 0.0023069055799493582 0.0
402 0.0 0.0
403 1.510177590089519e-05 0.0
404 0.004913456731877478 0.0
405 0.008041667147725532 0.0
406 0.00015630475902160274 0.0
407 0.0001976580130839092 0.0
408 0.0015348493986035573 0.0
409 0.0024274534771070813 0.0
410 7.256780731831587e-06 0.0
411 0.007996323301287482 0.0
412 0.0030166769701691068 0.0
413 0.00013428570292555735 0.0
414 0.002451900352407593 0.0
415 0.0011839338662116522 0.0
416 0.0 0.0
417 0.0020993770283650325 0.0
418 0.00015510516121272232 0.0
419 0.004300626416135277 0.0
420 0.009089632501988156 0.0
421 0.0009318491672558276 0.0
422 0.0005591742516406048 0.0
423 0.0004916089555471474 0.0
424 0.005187828058325496 0.0
425 0.0009395468747435936 0.0
426 0.0020829068838192698 0.0
427 0.000833320840346005 0.0
428 0.00014672738949789618 0.0
429 0.0005898678631669261 0.0
430 0.0025137156138455878 0.0
431 0.00016571863464425227 0.0
432 3.6036140260972437e-07 0.0
433 0.00017161001837573582 0.0
434 0.014053877609793802 0.0
435 0.0016941846084561059 0.0
436 0.0 0.0
437 0.0002664127242936617 0.0
438 0.0036550800960045765 0.0
439 0.0 0.0
440 0.0050418492764650906 0.0
441 0.0013191157610955482 0.0
442 3.475318391018951e-05 0.0
443 0.003620920668241438 0.0
444 0.00011080620367048339 0.0
445 0.00031091710564715136 0.0
446 0.0001270423651426361 0.0
447 0.0007937464275199871 0.0
448 0.000979748245008313 0.0
449 0.0 0.0
450 0.003353805450909494 0.0
451 0.0009932209376880552 0.0
452 0.0013336209576710156 0.0
453 0.00028490794748442397 0.0
454 2.905673697344676e-06 0.0
455 0.0011968744501091536 0.0
456 0.0 0.0
457 0.0002554422969550106 0.0
458 0.001371180775043107 0.0
459 0.003166505682653165 0.0
460 0.000830592030094837 0.0
461 0.000145896619846638 0.0
462 0.003357722114894388 0.0
463 0.0 0.0
464 0.001634457778141583 0.0
465 0.00013222353912617212 0.0
466 0.0034370512216903917 0.0
467 6.943466283114765e-05 0.0
468 0.0 0.0
469 0.00013856024270343377 0.0
470 0.0002781773493746283 0.0
471 6.463518819791638e-05 0.0
472 0.0 0.0
473 0.005227892941808341 0.0
474 0.0028512860117628764 0.0
475 0.0 0.0
476 1.3259433899803894e-06 0.0
477 1.9990187514921446e-06 0.0
478 0.0007625876282249123 0.0
479 0.0 0.0
480 0.00042587732187870014 0.0
481 0.0008383285085647923 0.0
482 0.0013236102695665898 0.0
483 0.0010835591339920913 0.0
484 0.00014007799448465934 0.0
485 0.00026221724637149967 0.0
486 0.0012568463281634218 0.0
487 0.00013392672075899375 0.0
488 1.7986610338519183e-05 0.0
489 0.0002865748354579251 0.0
490 0.0002856166855760685 0.0
491 0.00010637753137623383 0.0
492 0.00023308951104194123 0.0
493 0.004964681974047741 0.0
494 0.005704957352513898 0.0
495 0.003750980079462017 0.0
496 0.0004552127986588089 0.0
497 9.36473452777667e-05 0.0
498 0.00817863257231785 0.0
499 0.0013008374099293082 0.0
500 2.694925524607887e-05 0.0
501 8.031360134145912e-05 0.0
502 0.00013152033025756778 0.0
503 2.0964340022538427e-05 0.0
504 0.0011445222046510518 0.0
505 0.0 0.0
506 0.004593802473116716 0.0
507 6.153594099577226e-06 0.0
508 0.00020479935360572326 0.0
509 0.0027710449115216956 0.0
510 0.00013267762924682852 0.0
511 0.0003513589122567963 0.0
512 1.4909619343867275e-06 0.0
513 0.0009874887597473045 0.0
514 2.988357007605185e-07 0.0
515 0.0010468838909935762 0.0
516 0.0015319733536822723 0.0
517 4.656774728318368e-05 0.0
518 0.0008294468275664256 0.0
519 0.000117847934356164 0.0
520 0.0009830205446438947 0.0
521 0.0010561835964782336 0.0
522 4.466648250606574e-06 0.0
523 0.002378071768148845 0.0
524 0.0 0.0
525 0.0005030167638664114 0.0
526 0.0019263107664357815 0.0
527 4.0308026912504805e-05 0.0
528 3.525482482844701e-05 0.0
529 0.0011059611534119413 0.0
530 5.496526964450866e-05 0.0
531 0.0007520612436927187 0.0
532 0.0 0.0
533 0.012497816333167447 0.0
534 2.7052230127533166e-07 0.0
535 2.991194535767154e-05 0.0
536 5.5272882165797295e-05 0.0
537 0.0012156205691731508 0.0
538 8.196230025579733e-05 0.0
539 2.0870362928926314e-05 0.0
540 1.9470276507822523e-05 0.0
541 0.00010001485363012613 0.0
542 3.954692925121937e-05 0.0
543 0.0021619434021486464 0.0
544 0.0020166599355468644 0.0
545 0.00015393159364101157 0.0
546 0.006255345182053747 0.0
547 8.919505700221529e-05 0.0
548 0.0002910386611270238 0.0
549 0.003047210568296771 0.0
550 6.0419586252387434e-05 0.0
551 0.00026273373758712985 0.0
552 9.57442417782781e-05 0.0
553 1.2727079034623827e-05 0.0
554 3.627503246238134e-05 0.0
555 4.973124815518526e-06 0.0
556 3.0432318342842954e-05 0.0
557 7.406868632710471e-05 0.0
558 9.564843739147738e-06 0.0
559 1.5362902264015877e-05 0.0
560 0.0029928068904287153 0.0
561 0.0 0.0
562 0.0003951508601436856 0.0
563 0.0004244865626675221 0.0
564 0.0007907031926250183 0.0
565 3.152133669720561e-05 0.0
566 4.393983569614392e-05 0.0
567 0.000765631392674566 0.0
568 0.00015746640312477628 0.0
569 0.0008145807827763358 0.0
570 1.743361712830628e-05 0.0
571 0.0 0.0
572 0.0004698879305892066 0.0
573 9.055050110628744e-05 0.0
574 0.0 0.0
575 0.0 0.0
576 0.0 0.0
577 0.0008228026946797381 0.0
578 0.0 0.0
579 7.03295236366889e-05 0.0
580 0.0 0.0
581 0.00041901290731840315 0.0
582 7.251562226106664e-05 0.0
583 0.0 0.0
584 0.0 0.0
585 5.597578210211298e-05 0.0
586 0.0 0.0
587 8.474440470241846e-06 0.0
588 0.00022349778649087966 0.0
589 6.067574883663213e-05 0.0
590 0.0001843533550778377 0.0
591 2.271528181300782e-06 0.0
592 0.0009342843943540674 0.0
593 0.0007832945930251777 0.0
594 0.0 0.0
595 0.0 0.0
596 1.158532410292577e-06 0.0
597 9.144100344346794e-05 0.0
598 8.40703054155775e-06 0.0
599 1.1411549083013979e-05 0.0
600 1.90215529900185e-05 0.0
601 0.0005065899747470904 0.0
602 0.000276984852003226 0.0
603 0.0 0.0
604 0.0 0.0
605 0.0 0.0
606 0.0 0.0
607 0.0001698280913914903 0.0
608 0.00020100147898630924 0.0
609 7.730733023509375e-07 0.0
610 9.929706870305263e-05 0.0
611 0.001071086848528255 0.0
612 0.0011143806092227026 0.0
613 0.00016722793176807835 0.0
614 1.1577909168207927e-05 0.0
615 0.0018328979425202864 0.0
616 1.5343703609928298e-05 0.0
617 7.958402343423104e-06 0.0
618 0.0010019351494796893 0.0
619 7.636380676618198e-05 0.0
620 0.0 0.0
621 0.00034672582701751847 0.0
622 0.0 0.0
623 0.0010202429388389983 0.0
624 1.3215347887259672e-05 0.0
625 0.0 0.0
626 0.0 0.0
627 0.00010570389250728494 0.0
628 0.0 0.0
629 1.5862874898615128e-06 0.0
630 0.0 0.0
631 0.0 0.0
632 0.0 0.0
633 0.0 0.0
634 0.0 0.0
635 0.0009543673643766945 0.0
636 0.0 0.0
637 0.0 0.0
638 5.559947084299895e-05 0.0
639 0.0 0.0
640 5.349905695389499e-05 0.0
641 0.0008280959909643849 0.0
642 9.041321798275684e-06 0.0
643 3.808171512914808e-05 0.0
644 4.9714334448983535e-05 0.0
645 8.151796135473674e-05 0.0
646 0.0 0.0
647 2.401721340424832e-05 0.0
648 0.0 0.0
649 4.931380697188847e-05 0.0
650 0.0 0.0
651 6.904650524062235e-05 0.0
652 7.820302988190652e-06 0.0
653 0.0 0.0
654 0.00022803220001282645 0.0
655 0.00033849528394723445 0.0
656 0.0 0.0
657 0.0 0.0
658 0.0 0.0
659 0.0 0.0
660 0.0 0.0
661 0.001436485632638041 0.0
662 0.00010713539821635916 0.0
663 2.4984785846941245e-05 0.0
664 1.8161945543114652e-05 0.0
665 0.00010667137179457803 0.0
666 0.00024359668113262613 0.0
667 0.00013831615431374438 0.0
668 0.0 0.0
669 1.5334631197573632e-05 0.0
670 0.0 0.0
671 6.584202237271192e-05 0.0
672 3.67642427790485e-06 0.0
673 0.0 0.0
674 1.983194649128584e-05 0.0
675 0.0 0.0
676 0.0 0.0
677 0.0 0.0
678 3.653816778929629e-05 0.0
679 6.459531847786458e-05 0.0
680 0.0 0.0
681 0.00040677954310084556 0.0
682 0.0 0.0
683 0.0 0.0
684 0.0 0.0
685 0.00042075636001999417 0.0
686 3.199347027364934e-05 0.0
687 0.0 0.0
688 0.0 0.0
689 3.9899760781164636e-07 0.0
690 0.00012264868228489245 0.0
691 0.0 0.0
692 1.2169507480884106e-07 0.0
693 0.0 0.0
694 4.7493658738502576e-05 0.0
695 0.00016318235633588362 0.0
696 3.2300459189130087e-06 0.0
697 0.00028458379267217414 0.0
698 2.5576257422751783e-05 0.0
699 0.00019606957200080745 0.0
700 0.00021828164694507373 0.0
701 0.0 0.0
702 0.0 0.0
703 0.0 0.0
704 0.0 0.0
705 8.807698563371523e-07 0.0
706 0.00022724491783465619 0.0
707 0.0006959605046659037 0.0
708 5.6257806836150856e-05 0.0
709 0.0 0.0
710 9.16741832070831e-05 0.0
711 0.0 0.0
712 0.0 0.0
713 0.0 0.0
714 4.4804571471062244e-05 0.0
715 2.9648434356571176e-05 0.0
716 0.0 0.0
717 0.0009587470923940513 0.0
718 0.0 0.0
719 0.0005219020698551772 0.0
720 0.0001844384599164042 0.0
721 3.24896107094099e-07 0.0
722 0.0 0.0
723 0.0001561468950198859 0.0
724 0.0 0.0
725 5.191700156162543e-06 0.0
726 1.669726069392788e-05 0.0
727 1.7479045555561412e-06 0.0
728 4.958116680256139e-05 0.0
729 0.0 0.0
730 5.511949801476168e-05 0.0
731 0.0 0.0
732 0.0 0.0
733 0.0002495168979539849 0.0
734 1.325741603865864e-05 0.0
735 0.0 0.0
736 2.1074225874580627e-07 0.0
737 0.0 0.0
738 6.789823565615124e-05 0.0
739 0.0 0.0
740 3.521885861452069e-07 0.0
741 7.09312018412605e-08 0.0
742 9.597885966823658e-05 0.0
743 0.0 0.0
744 0.0 0.0
745 1.5510950056020368e-06 0.0
746 0.0 0.0
747 0.0005348613844248371 0.0
748 0.0013260261824772713 0.0
749 0.0 0.0
750 0.0 0.0
751 3.0376907945036975e-06 0.0
752 0.0 0.0
753 9.445348824826322e-05 0.0
754 0.000417047111307825 0.0
755 0.0 0.0
756 0.0008747009668837132 0.0
757 0.0 0.0
758 8.231384168130995e-06 0.0
759 1.1382160608884792e-07 0.0
760 1.0719250903783383e-05 0.0
761 0.0 0.0
762 0.0 0.0
763 0.0 0.0
764 0.0 0.0
765 0.00012189542415669643 0.0
766 0.0 0.0
767 0.0 0.0
768 4.981682462496096e-05 0.0
769 0.0 0.0
770 0.0 0.0
771 0.0 0.0
772 0.0 0.0
773 0.0 0.0
774 0.0 0.0
775 0.0 0.0
776 0.000177857224421547 0.0
777 0.0010404509267151203 0.0
778 1.0085015881382578e-05 0.0
779 1.356464735582957e-06 0.0
780 0.0 0.0
781 0.0 0.0
782 0.0 0.0
783 2.2649980420268994e-05 0.0
784 0.0 0.0
785 0.0 0.0
786 3.277735145003884e-05 0.0
787 0.0 0.0
788 0.0 0.0
789 6.248413017746399e-05 0.0
790 0.0 0.0
791 9.917337159362642e-06 0.0
792 0.0 0.0
793 6.03253016447829e-06 0.0
794 0.0 0.0
795 0.0 0.0
796 0.0 0.0
797 0.0002789228278119429 0.0
798 0.0 0.0
799 2.500010608355927e-05 0.0
800 1.546511801068932e-05 0.0
801 0.0 0.0
802 0.0 0.0
803 2.7964355354553514e-05 0.0
804 0.0 0.0
805 0.0 0.0
806 0.0 0.0
807 0.0 0.0
808 0.0 0.0
809 0.0009654241180443074 0.0
810 6.604214037569458e-05 0.0
811 4.822698120253085e-06 0.0
812 0.0020046974630941565 0.0
813 0.00015553710582162392 0.0
814 2.7261802861687718e-05 0.0
815 4.150141104981405e-05 0.0
816 2.7816476004480772e-05 0.0
817 9.029426657459811e-07 0.0
818 4.244339746745717e-05 0.0
819 0.0 0.0
820 0.009332328876217322 0.0
821 0.0 0.0
822 0.00017756782931917014 0.0
823 0.00021671002993218832 0.0
824 0.0 0.0
825 0.0009559963888309684 0.0
826 5.0928027729330074e-05 0.0
827 0.0 0.0
828 0.0002187408012524792 0.0
829 4.353512081148498e-06 0.0
830 0.0 0.0
831 0.0 0.0
832 7.039051249929361e-05 0.0
833 2.4338925961071047e-06 0.0
834 0.0 0.0
835 3.6149354171904024e-06 0.0
836 7.358845608948927e-07 0.0
837 0.0 0.0
838 0.0 0.0
839 3.3823954443749286e-07 0.0
840 3.0233892661415262e-05 0.0
841 3.048983985480033e-05 0.0
842 0.0 0.0
843 0.0009533153527465413 0.0
844 0.0 0.0
845 0.00035257272214096356 0.0
846 0.0 0.0
847 0.0003041500255317445 0.0
848 0.0 0.0
849 0.0 0.0
850 0.0 0.0
851 0.0004569381478864163 0.0
852 1.0038811961580484e-05 0.0
853 0.0 0.0
854 0.0 0.0
855 5.14974352524844e-06 0.0
856 0.002691091992986498 0.0
857 0.0 0.0
858 0.0 0.0
859 0.001536475504685428 0.0
860 0.00010411126128666474 0.0
861 0.0 0.0
862 0.0 0.0
863 0.0 0.0
864 0.0 0.0
865 6.065756373516386e-07 0.0
866 1.8785676029183685e-07 0.0
867 0.0 0.0
868 0.0 0.0
869 1.4951009170709802e-06 0.0
870 0.0 0.0
871 0.0 0.0
872 9.476004138689706e-05 0.0
873 0.0 0.0
874 0.0 0.0
875 0.0 0.0
876 0.0 0.0
877 2.4403143785476365e-06 0.0
878 0.0 0.0
879 0.0 0.0
880 9.380474876489679e-05 0.0
881 0.0 0.0
882 0.0 0.0
883 7.369105285671954e-06 0.0
884 0.0 0.0
885 2.2404616976818886e-05 0.0
886 3.221488389505142e-06 0.0
887 2.83103453645014e-06 0.0
888 0.0 0.0
889 7.178358120414911e-07 0.0
890 0.0 0.0
891 0.0 0.0
892 0.0002628876921334532 0.0
893 0.0 0.0
894 0.0 0.0
895 0.0 0.0
896 0.00034457019730919496 0.0
897 0.0 0.0
898 7.991185630402082e-07 0.0
899 0.0 0.0
900 0.00018803288924323626 0.0
901 0.0 0.0
902 0.0 0.0
903 0.0 0.0
904 0.0 0.0
905 1.3581334858702973e-06 0.0
906 1.4837462504000034e-05 0.0
907 0.0009988863884681036 0.0
908 0.00016902557017921244 0.0
909 1.1620640729467685e-06 0.0
910 0.0 0.0
911 0.0 0.0
912 3.1403539929982897e-06 0.0
913 0.00024192004497755284 0.0
914 6.25978913688445e-05 0.0
915 0.0 0.0
916 0.0 0.0
917 0.00010255123940479508 0.0
918 8.47824885327474e-05 0.0
919 2.083917538672051e-06 0.0
920 1.0013121326591274e-06 0.0
921 1.9177884538071104e-05 0.0
922 0.0006095647691002122 0.0
923 3.433526182242774e-06 0.0
924 5.6600231575977436e-05 0.0
925 9.240162125528547e-06 0.0
926 0.0 0.0
927 0.0 0.0
928 0.0 0.0
929 0.0 0.0
930 0.0 0.0
931 0.0 0.0
932 0.0 0.0
933 0.0 0.0
934 0.0 0.0
935 0.0 0.0
936 0.0 0.0
937 0.0 0.0
938 0.0 0.0
939 0.0 0.0
940 0.0 0.0
941 0.0 0.0
942 0.0 0.0
943 0.0 0.0
944 0.0 0.0
945 0.0 0.0
946 0.0 0.0
947 0.0 0.0
948 0.0 0.0
949 0.0 0.0
950 0.0 0.0
951 0.0 0.0
952 0.0 0.0
953 0.0 0.0
954 0.0 0.0
955 0.0 0.0
956 0.0 0.0
957 0.0 0.0
958 0.0 0.0
959 0.0 0.0
960 0.0 0.0
961 0.0 0.0
962 0.0 0.0
963 0.0 0.0
964 0.0 0.0
965 0.0 0.0
966 0.0 0.0
967 0.0 0.0
968 0.0 0.0
969 0.0 0.0
970 0.0 0.0
971 0.0 0.0
972 0.0 0.0
973 0.0 0.0
974 0.0 0.0
975 0.0 0.0
976 0.0 0.0
977 0.0 0.0
978 0.0 0.0
979 0.0 0.0
980 0.0 0.0
981 0.0 0.0
982 0.0 0.0
983 0.0 0.0
984 0.0 0.0
985 0.0 0.0
986 0.0 0.0
987 0.0 0.0
988 0.0 0.0
989 0.0 0.0
990 0.0 0.0
991 0.0 0.0
992 0.0 0.0
993 0.0 0.0
994 0.0 0.0
995 0.0 0.0
996 0.0 0.0
997 0.0 0.0
998 0.0 0.0
999 0.0 0.0
1000 0.0 0.0
1001 0.0 0.0
1002 0.0 0.0
1003 0.0 0.0
1004 0.0 0.0
