0 0.008225683923567522 0.0
1 0.007772373253166739 0.0
2 0.005778596025490523 0.0
3 0.002431367059507012 0.0
4 0.0012334083826901934 0.0
5 0.0075413649678076535 0.0
6 0.0013943400150975868 0.0
7 0.004123843167542633 0.0
8 0.0008823352333602272 0.0
9 0.013178116790986762 0.0
10 0.008633792980860328 0.0
11 0.004998625653363543 0.0
12 0.0 0.0
13 0.00442725541616323 0.0
14 0.006764998680301765 0.0
15 0.0037063704113341166 0.0
16 0.005985793954296158 0.0
17 0.0009915430763084258 0.0
18 0.0019407614996826607 0.0
19 0.0022247688463492604 0.0
20 0.0026368667612110346 0.0
21 0.003980158181778571 0.0
22 0.0010213696521980372 0.0
23 0.002637785922045077 0.0
24 0.0023752402439539367 0.0
25 0.0015705178447953411 0.0
26 0.001894001834793662 0.0
27 0.0018914451742652225 0.0
28 0.003595253255586698 0.0
29 0.0005582306713622742 0.0
30 0.0019267036744781945 0.0
31 0.002438192863737514 0.0
32 0.0015687462237360397 0.0
33 0.001034405756234142 0.0
34 0.003909299011546662 0.0
35 0.00030317735541963585 0.0
36 0.001331476465059279 0.0
37 0.003987112066377375 0.0
38 0.0018067845573179204 0.0
39 0.0002390592528317739 0.0
40 0.0007232031269588809 0.0
41 0.0008570449287492614 0.0
42 0.0007743992406486754 0.0
43 0.003512014620793461 0.0
44 0.001739559672906053 0.0
45 0.00028818053924985155 0.0
46 0.0017980497517584224 0.0
47 0.0049595655395027706 0.0
48 0.009093661866396145 0.0
49 0.00241477635881277 0.0
50 0.0019154615219224942 0.0
51 0.003861011310909256 0.0
52 0.0007356848080685513 0.0
53 0.0019252946174982254 0.0
54 0.008539540124182631 0.0
55 0.002288277862424753 0.0
56 0.008035282108281803 0.0
57 0.0029991837611547767 0.0
58 0.00474637263908728 0.0
59 0.0038778145147795244 0.0
60 0.0004837742328675991 0.0
61 0.0019277372702964856 0.0
62 0.0034050540453924097 0.0
63 0.005151022663863169 0.0
64 0.003508915006693439 0.0
65 0.004768719417369625 0.0
66 0.0031797884427212974 0.0
67 0.00254846776923065 0.0
68 0.002107891846703607 0.0
69 0.0011681915341808435 0.0
70 0.0026689680738832787 0.0
71 0.002214157004311457 0.0
72 0.004662369596590471 0.0
73 0.0009702744794563946 0.0
74 0.0048845837400777635 0.0
75 0.002456476453648955 0.0
76 0.00873152724180604 0.0
77 0.0023050160434977115 0.0
78 0.004701288637055592 0.0
79 0.0022006023708626074 0.0
80 0.002033230523745631 0.0
81 0.00712731795988668 0.0
82 0.003505410237473513 0.0
83 0.005761646114651833 0.0
84 0.0 0.0
85 0.002542151120952932 0.0
86 0.0013008002271636672 0.0
87 0.002520996976762025 0.0
88 0.004618436621310585 0.0
89 0.0014974296609420808 0.0
90 0.0015533943836065715 0.0
91 0.0028869481831081266 0.0
92 0.004228298501636596 0.0
93 0.0011698504866484896 0.0
94 0.004219387837204269 0.0
95 0.0030805780105934762 0.0
96 0.009465347257102377 0.0
97 0.00047657911007673503 0.0
98 0.00422627972249744 0.0
99 0.0025653102089011185 0.0
100 0.002171057172487516 0.0
101 0.004240942449215789 0.0
102 0.002250857789865405 0.0
103 0.003666898600717359 0.0
104 0.003312457492959889 0.0
105 0.003132769784911393 0.0
106 0.003277436986726489 0.0
107 0.01061522584092372 0.0
108 0.005461580899474815 0.0
109 0.004669692673873276 0.0
110 0.0015137059122312061 0.0
111 0.003929711424060958 0.0
112 0.0006438281215653809 0.0
113 0.001868923607979143 0.0
114 0.002843011473440792 0.0
115 0.004441696678189962 0.0
116 0.0010041002065382782 0.0
117 0.0021965643996476464 0.0
118 0.008047252179549656 0.0
119 0.0021053629252501148 0.0
120 0.0032952666386744977 0.0
121 0.002025042021791583 0.0
122 0.002576084819466191 0.0
123 0.00561415642808624 0.0
124 0.0009491220939244969 0.0
125 0.005655221039301878 0.0
126 0.004141586811606143 0.0
127 0.003219570321923778 0.0
128 0.0058388727611044244 0.0
129 0.0059648409993863375 0.0
130 0.004269708511679058 0.0
131 0.00566591095599821 0.0
132 0.002560560715962772 0.0
133 0.0037690835798492896 0.0
134 0.0008686463445546822 0.0
135 0.00432943442033059 0.0
136 0.002570391848928738 0.0
137 0.0026488088162484203 0.0
138 0.0023691814868835683 0.0
139 0.0015957348060274589 0.0
140 0.003058136218112833 0.0
141 0.000385092997943873 0.0
142 0.002657719936816942 0.0
143 0.0037112761275723506 0.0
144 0.0 0.0
145 0.00291465067631746 0.0
146 0.0007963825847735266 0.0
147 0.002954587224403624 0.0
148 0.002757385224816626 0.0
149 0.0022786414394780634 0.0
150 0.00730659457974305 0.0
151 0.0015054995809306712 0.0
152 0.0002259980822785475 0.0
153 0.0006030585028489422 0.0
154 0.002115781081946797 0.0
155 0.0005172275954783905 0.0
156 0.0014472004221186114 0.0
157 0.0008009485941416983 0.0
158 0.004078912954784962 0.0
159 0.0007308163017630882 0.0
160 0.0059864802035743325 0.0
161 0.002330612490922842 0.0
162 0.00040666137173715663 0.0
163 0.00414866745032982 0.0
164 0.004125577558396272 0.0
165 0.0059001890335800755 0.0
166 0.004162763067447991 0.0
167 0.002095842928226728 0.0
168 0.001301734844248489 0.0
169 0.001222652909214495 0.0
170 0.0031252477773622014 0.0
171 0.003688057497535277 0.0
172 0.00027193364746200884 0.0
173 0.003911192937386316 0.0
174 0.0032661831895774043 0.0
175 0.003799722583348999 0.0
176 0.0034125386956772347 0.0
177 0.003755690510449216 0.0
178 0.0 0.0
179 0.004160068300630504 0.0
180 0.003388452614054464 0.0
181 0.0038309478141024893 0.0
182 0.0009908540491035147 0.0
183 0.0033139152279123315 0.0
184 0.003545488248201996 0.0
185 0.0 0.0
186 0.004208727292328449 0.0
187 0.0024489776716098673 0.0
188 0.0038087707937017657 0.0
189 0.0 0.0
190 0.0019793052320235317 0.0
191 0.0006568640870922167 0.0
192 0.0042533232567687485 0.0
193 0.003412589162230707 0.0
194 0.005437679828260108 0.0
195 0.001456776217821789 0.0
196 0.0037779369672227676 0.0
197 0.00492023093542952 0.0
198 0.005446215242520518 0.0
199 0.0037935552067210076 0.0
200 0.0 0.0
201 0.0023677281166336614 0.0
202 0.0034589975568426723 0.0
203 0.0029688434086754174 0.0
204 0.002919167069427506 0.0
205 0.0016596726882931493 0.0
206 0.001813361842499724 0.0
207 0.0051845802043584376 0.0
208 0.006482547828602707 0.0
209 0.0007526913672051741 0.0
210 0.0016335099337641897 0.0
211 0.0005617013217435825 0.0
212 0.0006936908564421556 0.0
213 0.0006203479438282439 0.0
214 0.0011097068255280093 0.0
215 0.0023332418939849987 0.0
216 0.008676430909069008 0.0
217 0.0035395639979504652 0.0
218 0.0003406508090729899 0.0
219 0.002888694714135305 0.0
220 0.001801035495108386 0.0
221 0.00022819200585365282 0.0
222 0.005125401642648235 0.0
223 0.004289053194225628 0.0
224 0.005378929869793614 0.0
225 0.002404468270203161 0.0
226 0.007158205912879241 0.0
227 0.0002970688347459878 0.0
228 0.0015269499901185725 0.0
229 0.0005843123355803312 0.0
230 0.0015064175654618212 0.0
231 0.0037600003297217663 0.0
232 0.009758180865933419 0.0
233 0.006087050886887557 0.0
234 0.0022447806525229138 0.0
235 0.0012913460928366074 0.0
236 0.0024224427074298867 0.0
237 0.0015364542694766819 0.0
238 0.0013445092351583514 0.0
239 0.006811633517441065 0.0
240 0.0034873216344687152 0.0
241 0.003864713857186742 0.0
242 0.004624918497276643 0.0
243 0.004425580086541374 0.0
244 0.00021907636035329737 0.0
245 0.0010268003611407684 0.0
246 0.0006119589482730125 0.0
247 0.002218154529274776 0.0
248 0.003150406471225293 0.0
249 0.0014949259150209375 0.0
250 0.012000424488653657 0.0
251 0.0044492867356649 0.0
252 0.011286253164143554 0.0
253 0.006774039710847677 0.0
254 0.006921890883475186 0.0
255 0.0033673926125381793 0.0
256 0.003993855104890276 0.0
257 0.0028811369296958705 0.0
258 0.003025860216044897 0.0
259 0.005459149348658589 0.0
260 0.007306673016053727 0.0
261 0.004497386789685493 0.0
262 0.0054146915744179135 0.0
263 0.003552583334377138 0.0
264 0.00992906593277414 0.0
265 0.0026771910130453072 0.0
266 0.010579047905614807 0.0
267 0.010031856749179502 0.0
268 0.0043547687188616605 0.0
269 0.0067346862419082314 0.0
270 0.004554232042799735 0.0
271 0.0 0.0
272 0.006328960651090123 0.0
273 0.006182925858872526 0.0
274 0.004223560410521962 0.0
275 0.0035632070947121974 0.0
276 0.0025978767472849816 0.0
277 0.0009132116726632891 0.0
278 0.0014003142551256417 0.0
279 0.0010724437766234053 0.0
280 0.004823608136145942 0.0
281 0.006769924266048194 0.0
282 0.0074133776063288635 0.0
283 0.0031471030863282523 0.0
284 0.002300360206292547 0.0
285 0.000228314939221247 0.0
286 0.0012428673108705664 0.0
287 0.0005027092461063855 0.0
288 0.003425866682831558 0.0
289 0.002727767024977926 0.0
290 0.003260225738663393 0.0
291 0.0035975141925246403 0.0
292 0.0029466637513070487 0.0
293 0.0017332942031885322 0.0
294 0.0017158867416090574 0.0
295 0.003324104583360442 0.0
296 0.006833680114457475 0.0
297 0.005137685810606434 0.0
298 0.004957845907973983 0.0
299 0.005203047055051068 0.0
300 0.0011535173942631399 0.0
301 0.0022529969357553675 0.0
302 0.001202740379478889 0.0
303 0.001555606818154825 0.0
304 0.0025807087544665094 0.0
305 0.004010701876378471 0.0
306 0.001039358019856149 0.0
307 0.0015875215364046789 0.0
308 0.0006145241361407969 0.0
309 0.001294468158416347 0.0
310 0.0009294451742911792 0.0
311 0.005549213376733593 0.0
312 0.005410912248713507 0.0
313 0.004629637849604731 0.0
314 0.007002918128913045 0.0
315 0.012993837648906255 0.0
316 0.012581460882790269 0.0
317 0.009116760814324243 0.0
318 0.008457670325505129 0.0
319 0.002080137425299872 0.0
320 0.010589981290852238 0.0
321 0.015902700756791517 0.0
322 0.005123457698962271 0.0
323 0.0018531797967278362 0.0
324 0.004612210611544919 0.0
325 0.002971848661645548 0.0
326 0.0008440516829841172 0.0
327 0.004009991150560145 0.0
328 0.0025769880880338685 0.0
329 0.004728221899597237 0.0
330 0.002692211892424601 0.0
331 0.0017954393514197213 0.0
332 0.00016137659050573922 0.0
333 0.0016063821548303664 0.0
334 0.0013883333414315964 0.0
335 0.010016688483998538 0.0
336 0.0030684198837682176 0.0
337 0.006011797934105656 0.0
338 0.0014629400295490841 0.0
339 0.002445654079902775 0.0
340 0.00223041870878074 0.0
341 0.005189149486785586 0.0
342 0.004660383477701332 0.0
343 0.0009585810468455229 0.0
344 0.0019018524000894365 0.0
345 0.0009239593440968255 0.0
346 0.009072787969701235 0.0
347 0.004997942816498277 0.0
348 0.005184868850903842 0.0
349 0.0027954563496468744 0.0
350 0.006485137607330283 0.0
351 0.004264063157680596 0.0
352 0.005298417223827531 0.0
353 0.0006807071508362513 0.0
354 0.005618585851121367 0.0
355 0.0007397015130854473 0.0
356 0.009605874436424473 0.0
357 0.0003584704914163154 0.0
358 0.00533765360167256 0.0
359 0.0011199024404033554 0.0
360 0.006096500699937722 0.0
361 0.007866152637904283 0.0
362 0.003914990637166576 0.0
363 0.004419976946112136 0.0
364 0.005754961234669778 0.0
365 0.0029616138775929164 0.0
366 0.005512135624707052 0.0
367 0.0037113773546854152 0.0
368 0.0004972478390526787 0.0
369 0.003972688015773726 0.0
370 0.0055794588959073455 0.0
371 0.0022170523718234004 0.0
372 0.001399015953920353 0.0
373 0.003986665084281886 0.0
374 0.0030143788086151656 0.0
375 0.003947877747536516 0.0
376 0.003422272975477817 0.0
377 0.0026646695337728546 0.0
378 0.00020855457850786068 0.0
379 0.006907961741497878 0.0
380 0.00265619731515975 0.0
381 0.0015284500891152091 0.0
382 0.002048101307155656 0.0
383 0.005020871976758376 0.0
384 0.0042916564977331815 0.0
385 0.010291055068470152 0.0
386 0.0 0.0
387 0.005709965713250049 0.0
388 0.001027514628736298 0.0
389 0.004291089188469564 0.0
390 0.005102428976348208 0.0
391 0.005278663858897446 0.0
392 0.0014337985482359783 0.0
393 0.002727723989740284 0.0
394 0.0008229086034981256 0.0
395 0.001296592631573778 0.0
396 0.0039007573985197263 0.0
397 0.0007091413203826061 0.0
398 0.0033048602785688322 0.0
399 0.002531109265666564 0.0
400 0.002789554325321546 0.0
401 0.0027969054690652794 0.0
402 0.0023100635384218234 0.0
403 0.0032312459069561046 0.0
404 0.005426868543968542 0.0
405 0.0027091085933328048 0.0
406 0.002599815848444957 0.0
407 0.0020956844586620827 0.0
408 0.005857033906104167 0.0
409 0.011526205539580293 0.0
410 0.0022405126590106833 0.0
411 0.0003758022138164382 0.0
412 0.001224031629316718 0.0
413 0.002841159939046026 0.0
414 0.002665212026075982 0.0
415 0.004844216682080196 0.0
416 0.0007834765014173049 0.0
417 0.0019557203906414677 0.0
418 0.0029675641039449956 0.0
419 0.004858028415758625 0.0
420 0.0 0.0
421 0.002493871724503422 0.0
422 0.00129445725803621 0.0
423 0.004086732955864722 0.0
424 0.003544571888697706 0.0
425 0.0024120209132334355 0.0
426 0.004789013695251466 0.0
427 0.0036617681105256383 0.0
428 0.0014513553376934566 0.0
429 0.00012027041504821816 0.0
430 0.0029891130622571537 0.0
431 0.0007226034119449639 0.0
432 0.0013592575607469012 0.0
433 0.0028527442066838982 0.0
434 0.004197460908766702 0.0
435 0.00036488632298187413 0.0
436 0.0030120776721780347 0.0
437 0.002452850660642561 0.0
438 0.004066901209024085 0.0
439 0.0011435861525632292 0.0
440 0.003942389028998838 0.0
441 0.002956920246824163 0.0
442 0.005601289593878224 0.0
443 0.004733201728461183 0.0
444 0.001205185115159754 0.0
445 0.0017787683041151673 0.0
446 0.0028022041651507576 0.0
447 0.0013829108313175038 0.0
448 0.0029864958298277617 0.0
449 0.0021220261410626155 0.0
450 0.002882797092678707 0.0
451 0.0015275911266494132 0.0
452 0.0028882180224675193 0.0
453 0.0018629924066986326 0.0
454 0.0020899299747432895 0.0
455 0.00018933432612002434 0.0
456 0.004078817186775406 0.0
457 0.0031674483227694126 0.0
458 0.00537773790285263 0.0
459 0.0011699275879993361 0.0
460 0.0020400955392798864 0.0
461 0.0027337284125426935 0.0
462 0.005096417215037322 0.0
463 0.006551567958046432 0.0
464 0.001957366128342679 0.0
465 0.003661899253575062 0.0
466 0.004435719444437802 0.0
467 0.0014819344633577238 0.0
468 0.00048154856110840317 0.0
469 0.0036211600543731453 0.0
470 0.007871514294071633 0.0
471 0.0008371574254999728 0.0
472 0.0030308508330539564 0.0
473 0.0022716681742428178 0.0
474 0.010547194517809706 0.0
475 0.009717813230957708 0.0
476 0.00936875733116864 0.0
477 0.0012242303660703613 0.0
478 0.0022880437134130916 0.0
479 0.0014518983098319722 0.0
480 0.00567111042959704 0.0
481 0.0029662419900850587 0.0
482 0.0035534544431878303 0.0
483 0.0039572949225288815 0.0
484 0.00340785542171826 0.0
485 0.0011805391924144953 0.0
486 0.0022799595405261514 0.0
487 0.00020670879850457849 0.0
488 0.0007874271011569002 0.0
489 0.0006490489360247402 0.0
490 0.0009278003933090668 0.0
491 0.003335162622997658 0.0
492 0.0029479100967096813 0.0
493 0.004429685579784138 0.0
494 0.005652585446241634 0.0
495 0.002403188996865398 0.0
496 0.0006446295398787603 0.0
497 0.016311516971459942 0.0
498 0.020249699814005484 0.0
499 0.010562752325429196 0.0
500 0.011715697307111474 0.0
501 0.0018722914711298952 0.0
502 0.007798219145550562 0.0
503 0.01077931392789855 0.0
504 0.010886062151810125 0.0
505 0.002269957891254063 0.0
506 0.010278221078914521 0.0
507 0.007148736927411536 0.0
508 0.001983818743481338 0.0
509 0.007477717918413226 0.0
510 0.0009975142399360228 0.0
511 0.00274071166277564 0.0
512 0.006299226654374201 0.0
513 0.002679942879115493 0.0
514 0.004660046234868399 0.0
515 0.0033985714780426983 0.0
516 0.0002976332465506648 0.0
517 0.003619073304919049 0.0
518 0.006322840229796799 0.0
519 0.010000644801007173 0.0
520 0.0019052826771091527 0.0
521 0.0017529417238128498 0.0
522 0.0033061179753306373 0.0
523 0.0006067517905405224 0.0
524 0.005802294414121915 0.0
525 0.0028047109254809694 0.0
526 0.007832007954829027 0.0
527 0.0005425909317939902 0.0
528 0.004748145047484684 0.0
529 0.0027228592819743725 0.0
530 0.0021809918480259504 0.0
531 0.0023770940792033003 0.0
532 0.0011670953306326653 0.0
533 0.0009133369919074001 0.0
534 0.0012515247556467793 0.0
535 0.00249578443106595 0.0
536 0.00915483749025719 0.0
537 0.0018213031900906178 0.0
538 0.00910698896143411 0.0
539 0.005712719675350662 0.0
540 0.001928775046994383 0.0
541 0.001807263620923372 0.0
542 0.0037332797006098557 0.0
543 0.0008142035638998054 0.0
544 0.005894220140352302 0.0
545 0.0004604965489731135 0.0
546 0.00643656070817001 0.0
547 0.002593684615462066 0.0
548 0.007887394693646273 0.0
549 0.003070870245662881 0.0
550 0.0017694017325133688 0.0
551 0.003804005557373608 0.0
552 0.0029950221085032532 0.0
553 0.0 0.0
554 0.0027779135506057675 0.0
555 0.0010161301447536915 0.0
556 0.0054792195173737875 0.0
557 0.009348604715240169 0.0
558 0.009757552298030615 0.0
559 0.0071872377667946945 0.0
560 0.005510965487562135 0.0
561 0.001461398642151905 0.0
562 0.0015907506400816512 0.0
563 0.0014346422599686053 0.0
564 0.0028415466044825043 0.0
565 0.001936336315766883 0.0
566 0.000858637914783457 0.0
567 0.0011479010193956925 0.0
568 0.0029618044389730135 0.0
569 0.0032495881275804665 0.0
570 0.0015868299940631756 0.0
571 0.0001720584753604043 0.0
572 0.003194678330175316 0.0
573 0.0010350419522816119 0.0
574 0.0015135887553580077 0.0
575 0.007916608325578977 0.0
576 0.00560637367252594 0.0
577 0.004709056542574416 0.0
578 0.004368493338674762 0.0
579 0.002406021405777557 0.0
580 0.001943101722298637 0.0
581 0.003871538247911559 0.0
582 0.0021722563496189284 0.0
583 0.010478901759372538 0.0
584 0.0011849147894020893 0.0
585 0.006529116151833468 0.0
586 0.0019467784620697624 0.0
587 0.002157550723420983 0.0
588 0.008609424389468195 0.0
589 0.0008577127330674241 0.0
590 0.004745454591262233 0.0
591 0.0004047900586121228 0.0
592 0.002824098984309419 0.0
593 0.0016436288213511113 0.0
594 0.00022551180503747246 0.0
595 0.004176184391124788 0.0
596 0.001835814794917061 0.0
597 0.004141101962481457 0.0
598 0.000665508573443894 0.0
599 0.005182252409917584 0.0
600 0.0005772650040552083 0.0
601 0.008280526093345354 0.0
602 0.001114331541117699 0.0
603 0.00376730252889946 0.0
604 0.0038983260475173548 0.0
605 0.0024212481907674326 0.0
606 0.0036093638777863917 0.0
607 0.0020901746000545752 0.0
608 0.001101605790300591 0.0
609 0.005527616375609605 0.0
610 0.007762066351613897 0.0
611 0.012851509693457377 0.0
612 0.005580929230898657 0.0
613 0.006269419547835578 0.0
614 0.0046847543981816215 0.0
615 0.0032320986931043552 0.0
616 0.0014798228814057559 0.0
617 0.0018165352779194455 0.0
618 0.000516359662450309 0.0
619 0.0012471899476038004 0.0
620 0.0012556006484996916 0.0
621 0.003302006461623057 0.0
622 0.004148261445101181 0.0
623 0.0032033517533707743 0.0
624 0.0028542819455994735 0.0
625 0.004637436534488783 0.0
626 0.0016246087160346776 0.0
627 0.005309993162585245 0.0
628 0.0035116454419405006 0.0
629 0.002249878738877463 0.0
630 0.002931380387554706 0.0
631 0.004478743983466298 0.0
632 0.0012128337535562996 0.0
633 0.0036305242729172643 0.0
634 0.0037675359238728994 0.0
635 0.003754928313850932 0.0
636 0.0019643725867348593 0.0
637 0.003558573153679229 0.0
638 0.0030976242013004366 0.0
639 0.0010308189382500195 0.0
640 0.0016894844042857694 0.0
641 0.0028820166980554566 0.0
642 0.0036677558321006744 0.0
643 0.003310184442811121 0.0
644 0.002711187665529247 0.0
645 0.0019878385897080224 0.0
646 0.0003118439171775727 0.0
647 0.0013154411126233838 0.0
648 0.0017845255995812758 0.0
649 0.0034667763337937574 0.0
650 0.00558615053941592 0.0
651 0.003454180075681954 0.0
652 0.003959744257594313 0.0
653 0.0018360328509104088 0.0
654 0.003607393751834976 0.0
655 0.0 0.0
656 0.0022308385291893744 0.0
657 0.0025250107895771158 0.0
658 0.005384724411637417 0.0
659 0.0025900022045523595 0.0
660 0.004870753753112578 0.0
661 0.006772500839833998 0.0
662 0.003652461989164154 0.0
663 0.0044818059970594655 0.0
664 0.009065063493887226 0.0
665 0.006666285038319202 0.0
666 0.008829530084070539 0.0
667 0.00352239147603382 0.0
668 0.004847595415042374 0.0
669 0.000800819794020244 0.0
670 0.0019780004280305842 0.0
671 0.0005945017929052803 0.0
672 0.0026637925827078285 0.0
673 0.0009590952840470681 0.0
674 0.0010126447958210846 0.0
675 0.005310440596630588 0.0
676 0.002066225866272392 0.0
677 0.0021152153466686857 0.0
678 0.0004090202867108928 0.0
679 0.0029280922254392686 0.0
680 0.002227203679704283 0.0
681 0.00038078024058779095 0.0
682 0.006362522783744278 0.0
683 0.00272984385682015 0.0
684 0.00015523439922367625 0.0
685 0.009577847900079144 0.0
686 0.0024832340608855795 0.0
687 0.002997675348060575 0.0
688 0.0006244527294269075 0.0
689 0.0015991699793078712 0.0
690 0.0005687377946263457 0.0
691 0.005147041672964802 0.0
692 0.000641787110486299 0.0
693 0.0013696707061063027 0.0
694 0.0005102477922373645 0.0
695 0.0006660054249415786 0.0
696 0.0007530341338280745 0.0
697 0.0008994514893561807 0.0
698 0.0015528598732273391 0.0
699 0.0034786888017324298 0.0
700 0.006972098031477689 0.0
701 0.0036492183868729075 0.0
702 0.0 0.0
703 0.0033566520951782393 0.0
704 0.0006840472754351186 0.0
705 0.0014532040864803474 0.0
706 0.001531735996084191 0.0
707 0.003649472943748151 0.0
708 0.00778875470127397 0.0
709 0.005061605465550207 0.0
710 0.017288613008594415 0.0
711 0.007568489890973408 0.0
712 0.009102848401544227 0.0
713 0.006716768685115083 0.0
714 0.001732851912304648 0.0
715 0.009252716458253495 0.0
716 0.005471206493721895 0.0
717 0.0020436368736806644 0.0
718 0.0018459119753013028 0.0
719 0.00024919983371678785 0.0
720 0.0008833892323871377 0.0
721 0.0008863464103901162 0.0
722 0.0010506476631548037 0.0
723 0.0038750938983937726 0.0
724 0.0039073816083328395 0.0
725 0.003232192554734536 0.0
726 0.0038988768090802203 0.0
727 0.0012837980940780837 0.0
728 0.00010140107685227114 0.0
729 0.0008643301052582467 0.0
730 0.0004042184588699455 0.0
731 0.0032262677473738582 0.0
732 0.0006764902656479354 0.0
733 0.0014022204635038196 0.0
734 0.0020747348224250555 0.0
735 0.003190827605401011 0.0
736 0.006438155847752785 0.0
737 0.0017822300219742869 0.0
738 0.004522461631993053 0.0
739 0.0030358134655115907 0.0
740 0.006507952902554403 0.0
741 0.0023133946140386345 0.0
742 0.004725182195045836 0.0
743 0.005577904075779343 0.0
744 0.0035288203648660686 0.0
745 0.00726614984883941 0.0
746 0.0045764171668240825 0.0
747 0.0017410925899879104 0.0
748 0.005592762343580746 0.0
749 0.0014003476430708786 0.0
750 0.004994961607052003 0.0
751 0.006526957961008858 0.0
752 0.0011451950380573525 0.0
753 0.0036197821233975927 0.0
754 0.004746343625023245 0.0
755 0.0021373374989137775 0.0
756 0.001892647599158211 0.0
757 0.0064863495707641735 0.0
758 0.0011282975569187486 0.0
759 0.001726641398406308 0.0
760 0.0020303918451444686 0.0
761 0.0006981504911507142 0.0
762 0.001127781874399687 0.0
763 0.00123385025572732 0.0
764 0.004901288013244079 0.0
765 0.002647800666318119 0.0
766 0.0014108863924707413 0.0
767 0.0006522741023088645 0.0
768 0.0006401846739722652 0.0
769 0.0005334013242905343 0.0
770 0.0025934146038245984 0.0
771 0.0008005443199557959 0.0
772 0.0045076576972664425 0.0
773 0.001139766577262134 0.0
774 0.0021013560017533526 0.0
775 0.0038317432935043314 0.0
776 0.007219223417100508 0.0
777 0.004578500957570153 0.0
778 0.00019170728938078488 0.0
779 0.002940580117697316 0.0
780 0.00038384116850220806 0.0
781 0.0028297694828396877 0.0
782 0.0008997085175868226 0.0
783 0.0016772239173777005 0.0
784 0.004027960474135679 0.0
785 0.006332448527983627 0.0
786 0.010617493605418027 0.0
787 0.008057905139864166 0.0
788 0.0030071466920700324 0.0
789 0.0046213679193289415 0.0
790 0.0029075404325298753 0.0
791 0.005585283108006958 0.0
792 0.004607297059383587 0.0
793 0.00550287844777221 0.0
794 0.0003643934402152258 0.0
795 0.003347418967068376 0.0
796 0.0007696110817862426 0.0
797 0.0010750428749068928 0.0
798 0.003013276584319089 0.0
799 0.0006658471322697968 0.0
800 0.003122772267671097 0.0
801 0.0016948178905793168 0.0
802 0.004247443699380738 0.0
803 0.002551657067730672 0.0
804 0.001393046368671246 0.0
805 0.002196475232330479 0.0
806 0.0033608562029490583 0.0
807 0.0036716401561456844 0.0
808 0.006240050326422696 0.0
809 0.0010729606429977863 0.0
810 0.0044722783959947315 0.0
811 0.00403965184354588 0.0
812 0.0010050919483936003 0.0
813 0.003360090025266465 0.0
814 0.0034619512433467932 0.0
815 0.005495565997609076 0.0
816 0.008980121745399226 0.0
817 0.0010424195380733796 0.0
818 0.008472569069245086 0.0
819 0.001533957589070127 0.0
820 0.004540954190148062 0.0
821 0.00390297261242995 0.0
822 0.0055444254927511545 0.0
823 0.002070672294553236 0.0
824 0.004516919679628387 0.0
825 0.007811439970807202 0.0
826 0.0009425014597417834 0.0
827 0.008748211581361603 0.0
828 0.002341663113295704 0.0
829 0.0014587622998526945 0.0
830 0.000824859921564784 0.0
831 0.00045371131722264597 0.0
832 0.0007915499883608552 0.0
833 0.0013526978767349513 0.0
834 0.0033447230322797097 0.0
835 0.002820824458575675 0.0
836 0.0014748079161011488 0.0
837 0.0017695332063846023 0.0
838 0.0055849849174582815 0.0
839 0.0041657028904120135 0.0
840 0.005011857944425443 0.0
841 0.004514320141468842 0.0
842 0.0019832611160530513 0.0
843 0.005779757242559193 0.0
844 0.002454478864151222 0.0
845 0.0011346187643545972 0.0
846 0.0011601564985017003 0.0
847 0.0023417630029982208 0.0
848 0.0029646417521566166 0.0
849 0.0019167240323754863 0.0
850 0.0030033116805865396 0.0
851 0.0009757916319868664 0.0
852 0.005203569817193841 0.0
853 0.00038528588246426537 0.0
854 0.003502226015768301 0.0
855 0.0008020202002106703 0.0
856 0.005583878809258896 0.0
857 0.002782197231762446 0.0
858 0.0029653027662095506 0.0
859 0.00783589678631386 0.0
860 0.00813029954411725 0.0
861 0.004364748152391233 0.0
862 0.0002019574807244995 0.0
863 0.0034051924394427635 0.0
864 0.000395810513909027 0.0
865 0.0015754695765825605 0.0
866 0.0006902914438285835 0.0
867 0.007118065097746312 0.0
868 0.003345958423618008 0.0
869 0.002348827934238726 0.0
870 0.002694646948925489 0.0
871 0.005030033296621613 0.0
872 0.0008569252953710841 0.0
873 0.0034042010807878147 0.0
874 0.00046398505540202036 0.0
875 0.0011227306388351406 0.0
876 0.0018964314479216955 0.0
877 0.0040855933516943 0.0
878 0.0011060902684777196 0.0
879 0.004231987622352173 0.0
880 0.0029217107088999163 0.0
881 0.002941096840665518 0.0
882 0.0044156492813193626 0.0
883 0.005532926996977361 0.0
884 0.005071868730091006 0.0
885 0.00019101385556288637 0.0
886 0.008744347736438327 0.0
887 0.00019215943289090998 0.0
888 0.0021006672160158424 0.0
889 0.00481107906312149 0.0
890 0.002413818145795552 0.0
891 0.0024443760063333404 0.0
892 0.003656565262687754 0.0
893 0.008218214580704555 0.0
894 0.002752193537693073 0.0
895 0.002407686856880993 0.0
896 0.0 0.0
897 0.0009553298334425628 0.0
898 0.002985001443941161 0.0
899 0.005744003091517908 0.0
900 0.00347447577727584 0.0
901 0.0020994429153393863 0.0
902 0.00189052542548417 0.0
903 0.00016487758399090765 0.0
904 0.0029997048496647207 0.0
905 0.0019357664731745733 0.0
906 0.005187861902308346 0.0
907 0.003229860669973463 0.0
908 0.002177315942915951 0.0
909 0.010410726585488275 0.0
910 0.008263458974923702 0.0
911 0.003484727914835495 0.0
912 0.0021961338691242603 0.0
913 0.0029185752071818854 0.0
914 0.0028342912851050334 0.0
915 0.0013876371788409522 0.0
916 0.0007162175430246377 0.0
917 0.0035226081426767957 0.0
918 0.0007027348589992988 0.0
919 0.0010824263946519704 0.0
920 0.003126617919791415 0.0
921 0.005097674109962154 0.0
922 0.0008680941466202186 0.0
923 0.0033274587555371113 0.0
924 0.0038126901077664573 0.0
925 0.0014804317685012498 0.0
926 0.002101247855049325 0.0
927 0.003153272828678016 0.0
928 0.0025454125643543024 0.0
929 0.0056656263504576984 0.0
930 0.005769852998422681 0.0
931 0.003583788774488769 0.0
932 0.000525727187170588 0.0
933 0.002885217863532837 0.0
934 0.00334266841742762 0.0
935 0.0012441863795675159 0.0
936 0.002157024880806204 0.0
937 0.0023873392457748753 0.0
938 0.0024443924964589253 0.0
939 0.004407361198667783 0.0
940 0.007289725973733945 0.0
941 0.008288523948035864 0.0
942 0.009410210288969621 0.0
943 0.002893766534692254 0.0
944 0.007016486775933851 0.0
945 0.0020311140010519824 0.0
946 0.0038361983203578118 0.0
947 0.0036532076435490364 0.0
948 0.003090373772794368 0.0
949 0.002060411793835754 0.0
950 0.0019864883401728823 0.0
951 0.0020787013456115863 0.0
952 0.00011886529129323607 0.0
953 0.003550282085308394 0.0
954 0.00038206152466341054 0.0
955 0.006181614897993596 0.0
956 0.00046350642258771003 0.0
957 0.0031580791935362164 0.0
958 0.0006086695575777234 0.0
959 0.001064727219568751 0.0
960 0.0011858327629584013 0.0
961 0.002023610109225307 0.0
962 0.006058233787407691 0.0
963 0.003494775718706961 0.0
964 0.0039204807583419375 0.0
965 0.0049776322882031186 0.0
966 0.0016608141392409324 0.0
967 0.0015235994860697615 0.0
968 0.004453287691086986 0.0
969 0.0029788650594907502 0.0
970 0.001686436463835181 0.0
971 0.005634868408133866 0.0
972 0.0035663991872962996 0.0
973 0.018559065508445494 0.0
974 0.0017035220427597357 0.0
975 0.00918800241394125 0.0
976 0.0007327717982116389 0.0
977 5.532387535867789e-05 0.0
978 0.0023473328395923953 0.0
979 0.001131613256483823 0.0
980 0.0029804032555876283 0.0
981 0.0025723019946722703 0.0
982 0.003271026310473138 0.0
983 0.003718872449274802 0.0
984 0.002639551470660269 0.0
985 0.0008049379590685396 0.0
986 0.006541785744650806 0.0
987 0.004222589121649627 0.0
988 0.006155881546512524 0.0
989 0.0009364436255836286 0.0
990 0.00458043117002247 0.0
991 0.0035329018921882505 0.0
992 0.00046342922281473927 0.0
993 0.0010650377626944191 0.0
994 0.002995330948619515 0.0
995 0.0016252576816226426 0.0
996 0.0015563852389146441 0.0
997 0.0026311432734960087 0.0
998 0.0034536077363882477 0.0
999 0.0005774575386116606 0.0
1000 0.001153486268888031 0.0
1001 0.0006592768053286693 0.0
1002 0.0008778410607940212 0.0
1003 0.0011854245385417108 0.0
1004 0.0029276753776523545 0.0
1005 0.0100896818089283 0.0
1006 0.0032375422702781214 0.0
1007 0.0016040342750087565 0.0
1008 0.004594231491092793 0.0
1009 0.0018116495594080553 0.0
1010 0.0019370383951195654 0.0
1011 0.0013191536245536037 0.0
1012 0.00255456193921884 0.0
1013 0.004459895432034877 0.0
1014 0.0008807296827198973 0.0
1015 0.007446380714875078 0.0
1016 0.0027578015812076574 0.0
1017 0.006216840268534092 0.0
1018 0.004387976970294928 0.0
1019 0.003374755441817565 0.0
1020 0.005861469035054049 0.0
1021 0.009210126574140325 0.0
1022 0.0018420173778022453 0.0
1023 0.0037217403224024306 0.0
1024 0.0022137532541178047 0.0
1025 0.004879257492529397 0.0
1026 0.0018557249233952576 0.0
1027 0.002658438673038233 0.0
1028 0.0019755144935032407 0.0
1029 0.001604006688231325 0.0
1030 0.0022215385451253814 0.0
1031 0.000818243836703692 0.0
1032 0.001809460826383948 0.0
1033 0.003757674180073723 0.0
1034 0.0019776850024316567 0.0
1035 0.00556941823139421 0.0
1036 0.005487520528080702 0.0
1037 0.004147529391938136 0.0
1038 0.00720368774156893 0.0
1039 0.005836285753072123 0.0
1040 0.004128634869623432 0.0
1041 0.00523715930368443 0.0
1042 0.0031033008431615976 0.0
1043 0.001235553353855182 0.0
1044 0.0024641328378142615 0.0
1045 0.002983755770197223 0.0
1046 0.002660227453137996 0.0
1047 0.00212753949897419 0.0
1048 0.0004983869981818521 0.0
1049 0.0017827339541625392 0.0
1050 0.004673994744598048 0.0
1051 0.007845081083979038 0.0
1052 0.004435236483180903 0.0
1053 0.010394302631325415 0.0
1054 0.005436805493617081 0.0
1055 0.001645948421617545 0.0
1056 0.0012680679310540738 0.0
1057 0.001524548620946212 0.0
1058 0.0051942654861676435 0.0
1059 0.0009262713107232618 0.0
1060 0.0027095413797977364 0.0
1061 0.0032009418803826207 0.0
1062 0.0012792484582069602 0.0
1063 0.004322665520076002 0.0
1064 0.0013544036370268357 0.0
1065 0.004779839278409997 0.0
1066 0.004767782629717863 0.0
1067 0.006908053458041475 0.0
1068 0.002699353112304054 0.0
1069 0.00327391983488103 0.0
1070 0.002919832885707231 0.0
1071 0.001793942938060159 0.0
1072 0.00686111883046565 0.0
1073 0.0008436254230213953 0.0
1074 0.014668089726966108 0.0
1075 0.00043748905242088816 0.0
1076 0.009352709665007359 0.0
1077 0.0012267086553514322 0.0
1078 0.010736044010252807 0.0
1079 0.0037230488100575936 0.0
1080 0.000267155629880263 0.0
1081 0.010317307085935035 0.0
1082 0.005852309093705551 0.0
1083 0.0016375445051949814 0.0
1084 0.0018614645163289422 0.0
1085 0.0013649194657666948 0.0
1086 0.0047372236156314 0.0
1087 0.005446875300490756 0.0
1088 0.010746368237572586 0.0
1089 0.001743365013159409 0.0
1090 0.0003384101235289663 0.0
1091 0.0019249987563902701 0.0
1092 0.006762295161440986 0.0
1093 0.0038516749981359574 0.0
1094 0.003930176950799918 0.0
1095 0.000713477762581985 0.0
1096 0.005659322852850441 0.0
1097 0.007137623652494141 0.0
1098 0.0023604509564994413 0.0
1099 0.0010538631380153497 0.0
1100 0.0008194776644103367 0.0
1101 0.001177853769856854 0.0
1102 0.0022963916041015596 0.0
1103 0.005372678288066706 0.0
1104 0.0034056996037649537 0.0
1105 0.003773958325024419 0.0
1106 0.005110128221575977 0.0
1107 0.00031624808857044583 0.0
1108 0.0012943468038450023 0.0
1109 0.00045642486213569013 0.0
1110 0.001147872653930534 0.0
1111 0.0016811804380168964 0.0
1112 0.003624204487801314 0.0
1113 0.003209455657878783 0.0
1114 0.0026107943198070355 0.0
1115 0.0028339864450235472 0.0
1116 0.0027557026231394585 0.0
1117 0.00019841387710925197 0.0
1118 0.0019063291760773463 0.0
1119 0.0005371705675296679 0.0
1120 0.009857792291192985 0.0
1121 0.002455648877803001 0.0
1122 0.00025745110813600814 0.0
1123 0.0010275810260993812 0.0
1124 0.00037327452980366713 0.0
1125 0.0011185225644231235 0.0
1126 0.0008368764999934668 0.0
1127 0.0032825686975092396 0.0
1128 0.0009634076884063107 0.0
1129 0.0072454926187016785 0.0
1130 0.007954189550614449 0.0
1131 0.004273874051366829 0.0
1132 0.0 0.0
1133 0.002493147541114582 0.0
1134 0.0007794704359615016 0.0
1135 0.0068973953203943315 0.0
1136 0.004577931841615266 0.0
1137 0.003970350414504367 0.0
1138 0.0017275708611942879 0.0
1139 0.00021008981301952185 0.0
1140 0.005391081383978543 0.0
1141 0.001958767078344347 0.0
1142 0.0018156941220552711 0.0
1143 0.0006828246137217152 0.0
1144 0.0012406354917210546 0.0
1145 0.0020289880750147702 0.0
1146 0.0063342234047481585 0.0
1147 0.0019533690631314458 0.0
1148 0.0032940297872382234 0.0
1149 0.0036468801851767658 0.0
1150 0.0014869071657529387 0.0
1151 0.008921038394122918 0.0
1152 0.007044303860828479 0.0
1153 0.003305957246486062 0.0
1154 0.002880808344859922 0.0
1155 0.0003100735678221046 0.0
1156 0.0011283896886750445 0.0
1157 0.002709863272454778 0.0
1158 0.003598399484588823 0.0
1159 0.0005747137442957411 0.0
1160 0.0016578329924214132 0.0
1161 0.0007080591548618219 0.0
1162 0.006038412110232283 0.0
1163 0.0010883238632789828 0.0
1164 0.0018136047278402634 0.0
1165 0.004093759220353314 0.0
1166 0.007083600235581562 0.0
1167 0.004595008651274884 0.0
1168 0.0066169051718246 0.0
1169 0.0005567121765446287 0.0
1170 0.0032556849443121706 0.0
1171 0.003506900407243328 0.0
1172 0.004551668374088869 0.0
1173 0.0015907912325000368 0.0
1174 0.0023998909939842014 0.0
1175 0.0005702804841786335 0.0
1176 0.0007268719374748313 0.0
1177 0.0006617163231829589 0.0
1178 0.0011427248428439376 0.0
1179 0.0026184999309179723 0.0
1180 0.0058450785914896134 0.0
1181 0.0005331624312526325 0.0
1182 0.004494495980821111 0.0
1183 0.004068116350315514 0.0
1184 0.0037809956648390598 0.0
1185 0.0032884094073826558 0.0
1186 0.001552696634206948 0.0
1187 0.003473406231247862 0.0
1188 0.002889299849203392 0.0
1189 0.0047189725859561864 0.0
1190 0.0037963290767478535 0.0
1191 0.007541957081994632 0.0
1192 0.006860740739049542 0.0
1193 0.0014861684679079558 0.0
1194 0.0021254183158174247 0.0
1195 0.005940465414247016 0.0
1196 0.002726874531704922 0.0
1197 0.00196713973891596 0.0
1198 0.0014765195383536949 0.0
1199 0.0026528693824718805 0.0
1200 0.0019238429091015298 0.0
1201 0.0006494387731146939 0.0
1202 0.0010532024790090191 0.0
1203 0.0009061842233306293 0.0
1204 0.0021532594176931963 0.0
1205 0.004941668240244087 0.0
1206 0.006552038901339311 0.0
1207 0.0051568503747316035 0.0
1208 0.00425934351154682 0.0
1209 0.005997381339835503 0.0
1210 0.007252083428605553 0.0
1211 0.006036151657966135 0.0
1212 0.004087120218681597 0.0
1213 0.005691095870812054 0.0
1214 0.0010440786846704863 0.0
1215 0.0035960521343500456 0.0
1216 0.0020397881296245505 0.0
1217 0.0003593647855457407 0.0
1218 0.004068448114765165 0.0
1219 0.0002598054906874722 0.0
1220 0.006300457415565169 0.0
1221 0.001749094975158657 0.0
1222 0.00016933211904572216 0.0
1223 0.0009425142598401105 0.0
1224 0.0005666850266608795 0.0
1225 0.005338596200779656 0.0
1226 0.0005412291991889668 0.0
1227 0.004206830771530955 0.0
1228 0.004132597372843007 0.0
1229 0.0034042763565098524 0.0
1230 0.004042460734219435 0.0
1231 0.003536902899385721 0.0
1232 0.0030213399883519264 0.0
1233 0.0035008987866972717 0.0
1234 0.0037186582310834043 0.0
1235 0.00254448537637795 0.0
1236 0.015991407424493204 0.0
1237 0.0015899035963578719 0.0
1238 0.004550402401627735 0.0
1239 0.0017282926448048603 0.0
1240 0.002245568127102294 0.0
1241 0.00027220536048094146 0.0
1242 0.0017175770799186553 0.0
1243 0.0029582251968439696 0.0
1244 0.00910070032847523 0.0
1245 0.0004286772452300134 0.0
1246 0.0026481991475452663 0.0
1247 0.0011164992392887632 0.0
1248 0.005151232966647124 0.0
1249 0.0023153715202211033 0.0
1250 0.00554019597166088 0.0
1251 0.0023120224110383734 0.0
1252 0.0037991280188782407 0.0
1253 0.0005329331268690062 0.0
1254 0.004661603234447624 0.0
1255 0.003716121165896392 0.0
1256 0.01044160595026296 0.0
1257 0.006423746688352237 0.0
1258 0.0015379456668660747 0.0
1259 0.0010656240031548597 0.0
1260 0.00023608982081846973 0.0
1261 0.0011416641457783708 0.0
1262 0.002012060433501382 0.0
1263 0.002356033607042807 0.0
1264 0.002448307177026717 0.0
1265 0.000839287296944986 0.0
1266 0.003800003206257474 0.0
1267 0.01174041952806144 0.0
1268 0.005624941858825236 0.0
1269 0.0002054806945815297 0.0
1270 0.004472211417468478 0.0
1271 0.0006261686424506077 0.0
1272 0.005117313771178088 0.0
1273 0.0018730250115382826 0.0
1274 0.0007007224519209159 0.0
1275 0.0061450317144992 0.0
1276 0.00557236554822694 0.0
1277 0.008459452868374778 0.0
1278 0.0021164816350215964 0.0
1279 0.012324691565636571 0.0
1280 0.003975248177523576 0.0
1281 0.004164477701730912 0.0
1282 0.005148878073944678 0.0
1283 0.014599853722803766 0.0
1284 0.007939358246420279 0.0
1285 0.00998625811989301 0.0
1286 0.0012763584499644576 0.0
1287 0.007057323065122646 0.0
1288 0.003980115619701831 0.0
1289 0.0017668741919995826 0.0
1290 0.00410915354236986 0.0
1291 0.0008714677600481339 0.0
1292 0.0011776135742666896 0.0
1293 0.0004734992348911551 0.0
1294 0.0011478991010247283 0.0
1295 0.0004856519018564249 0.0
1296 0.0053092711515967 0.0
1297 0.0005447274192992237 0.0
1298 0.001562217380952196 0.0
1299 0.0007154651714679077 0.0
1300 0.003916579836490921 0.0
1301 0.0017402856502487338 0.0
1302 0.00020302183099618412 0.0
1303 0.0028940766710653563 0.0
1304 0.0020847338220170803 0.0
1305 0.0010384625629964402 0.0
1306 0.0008438615665481631 0.0
1307 0.0032236944166543426 0.0
1308 0.0007719916771895737 0.0
1309 0.004981168291936625 0.0
1310 0.0036212252786594714 0.0
1311 0.006189327386442647 0.0
1312 0.0020636403202398557 0.0
1313 0.004627369208773846 0.0
1314 0.000998404281376473 0.0
1315 0.0011689549156436998 0.0
1316 0.0007839599007863935 0.0
1317 0.0029056396190371113 0.0
1318 0.0019945156057579205 0.0
1319 0.00030288843443235247 0.0
1320 0.0029759532796237143 0.0
1321 0.0030644076487657463 0.0
1322 0.0008006994105218709 0.0
1323 0.000721463669621914 0.0
1324 0.00043058495516787613 0.0
1325 0.000741912753460908 0.0
1326 0.0006540922968237878 0.0
1327 0.0017775189514407758 0.0
1328 0.0011009539112261403 0.0
1329 0.00893794732504103 0.0
1330 0.005172359496168471 0.0
1331 0.0034973102229808456 0.0
1332 0.0014570561957978675 0.0
1333 0.0009942615342348005 0.0
1334 0.0006876473948082152 0.0
1335 0.000547509169350782 0.0
1336 0.0005796929758259398 0.0
1337 0.0008900661824068926 0.0
1338 0.0011426269955337849 0.0
1339 0.0018266377435209398 0.0
1340 0.0019891950945036185 0.0
1341 0.008995368398736287 0.0
1342 0.009644561028990743 0.0
1343 0.009691365649778468 0.0
1344 0.0012007861088208867 0.0
1345 0.0025500174400114044 0.0
1346 0.0010286184226484282 0.0
1347 0.005852045976562618 0.0
1348 0.0026389681152769744 0.0
1349 0.003950166412316696 0.0
1350 0.000738920387461096 0.0
1351 0.001290359785866969 0.0
1352 0.0009179577899256048 0.0
1353 0.002228935503100331 0.0
1354 0.003596923569983337 0.0
1355 0.004854533237491233 0.0
1356 0.003241423844009162 0.0
1357 0.0 0.0
1358 0.0024477027140698635 0.0
1359 0.00039222653063330067 0.0
1360 0.0006014586940552036 0.0
1361 0.0007729595465481141 0.0
1362 0.0007680098134489675 0.0
1363 0.0017053621594621236 0.0
1364 0.0014455458067240345 0.0
1365 0.004506471613930571 0.0
1366 0.003083955072222401 0.0
1367 0.004792024805366397 0.0
1368 0.005587952107376726 0.0
1369 0.008890145890890796 0.0
1370 0.007643812645975648 0.0
1371 0.007875409003423546 0.0
1372 0.004275536064714283 0.0
1373 0.0026934206060527724 0.0
1374 0.0008315687061694866 0.0
1375 0.0036610363945951043 0.0
1376 0.0008363447659328836 0.0
1377 0.004925574757592734 0.0
1378 0.002193193794050466 0.0
1379 0.005181723204492555 0.0
1380 0.0014142141205759201 0.0
1381 0.011285522500825816 0.0
1382 0.005468791348578014 0.0
1383 0.0006457254087088159 0.0
1384 0.002136484589687506 0.0
1385 0.004100340925769432 0.0
1386 0.006342928790851861 0.0
1387 0.00567460469115601 0.0
1388 0.0081939727224118 0.0
1389 0.005034770549359874 0.0
1390 0.0021163455078235306 0.0
1391 0.0016736264383192016 0.0
1392 0.0011588917465677358 0.0
1393 0.005026247315870568 0.0
1394 0.004520220609792941 0.0
1395 0.0022316496312674216 0.0
1396 0.0008989596531971614 0.0
1397 0.0009306887357557643 0.0
1398 0.0007086709189508676 0.0
1399 0.005855036321704339 0.0
1400 0.0015734945839773178 0.0
1401 0.00020483999758240452 0.0
1402 0.00084648017779576 0.0
1403 0.000879947713470474 0.0
1404 0.003306219650238749 0.0
1405 0.0073732771363001605 0.0
1406 0.0011855413506982938 0.0
1407 0.00011655839417202182 0.0
1408 0.004024835706790717 0.0
1409 0.0003270457198337044 0.0
1410 0.0024195180229824396 0.0
1411 0.0053732069680475945 0.0
1412 0.008212733247987863 0.0
1413 9.192456273840086e-05 0.0
1414 0.0037715968504052184 0.0
1415 0.00037462131893850647 0.0
1416 0.004740869051735115 0.0
1417 0.005015445797085034 0.0
1418 0.0043943571521229095 0.0
1419 0.0004221009900673262 0.0
1420 0.0029919912452317354 0.0
1421 0.0032615903206013996 0.0
1422 0.0008775608965067761 0.0
1423 0.0012191724668105986 0.0
1424 0.0007888407849385319 0.0
1425 0.0049031808245875 0.0
1426 0.0021587493836786415 0.0
1427 0.00348276216379403 0.0
1428 0.003088959581502058 0.0
1429 0.00171299547591963 0.0
1430 0.000353361287429649 0.0
1431 0.001334123219107879 0.0
1432 0.002921139823919978 0.0
1433 0.003942116848820587 0.0
1434 0.0030972680842867107 0.0
1435 0.0022920354813044355 0.0
1436 0.006144262212863547 0.0
1437 0.005556742986763751 0.0
1438 0.0017642738841114442 0.0
1439 0.002600424066749817 0.0
1440 0.0027108111930358786 0.0
1441 0.0006519479569014618 0.0
1442 0.0014848135705909978 0.0
1443 0.0008229246483793858 0.0
1444 0.006433785517789063 0.0
1445 0.0005103899254503494 0.0
1446 0.004935566350470201 0.0
1447 0.0004739852115631203 0.0
1448 0.005252364771665091 0.0
1449 0.005789325957221979 0.0
1450 0.007363377601022323 0.0
1451 0.002465761370337223 0.0
1452 0.0019666578355461315 0.0
1453 0.0007039054520861603 0.0
1454 0.0010317488072248957 0.0
1455 0.0007313356297715831 0.0
1456 0.0024591235315765494 0.0
1457 0.0007305591198640069 0.0
1458 0.0017018942862712474 0.0
1459 0.003698464515598687 0.0
1460 0.0033642811858533668 0.0
1461 0.003487553740561007 0.0
1462 0.005150653401132657 0.0
1463 0.0027907235087091926 0.0
1464 0.0039779126917876976 0.0
1465 0.0036838376748266153 0.0
1466 0.002183056272027524 0.0
1467 0.0010558378834759085 0.0
1468 0.0014502000765097669 0.0
1469 0.005143847475553893 0.0
1470 0.0074800576277408186 0.0
1471 0.006922504549824665 0.0
1472 0.0037018193944633785 0.0
1473 0.0077471065633300746 0.0
1474 0.00046312860606022185 0.0
1475 0.0014408682101505641 0.0
1476 0.0008666639042603521 0.0
1477 0.0026116338426377663 0.0
1478 0.004430627534922583 0.0
1479 0.0009503873781219305 0.0
1480 0.0010629635357382603 0.0
1481 0.001603120510071702 0.0
1482 0.0026217872237375714 0.0
1483 0.003789492305770704 0.0
1484 0.003240978350537246 0.0
1485 0.005970366533612144 0.0
1486 0.0011984817489618439 0.0
1487 0.0038884218272094923 0.0
1488 0.003168886083325456 0.0
1489 0.0008930578833541724 0.0
1490 0.0008842505817276555 0.0
1491 0.0012264185956014936 0.0
1492 0.0025701452181073766 0.0
1493 0.008454814856449349 0.0
1494 0.00562342321698105 0.0
1495 0.013274482309951463 0.0
1496 0.0037650842637946664 0.0
1497 0.014846249351516837 0.0
1498 0.00878162692247966 0.0
1499 0.009456468081833997 0.0
1500 0.007204257568025472 0.0
1501 0.0037880282684248823 0.0
1502 0.0016097261855193962 0.0
1503 0.00014452849999281177 0.0
1504 0.0003251516251007617 0.0
1505 0.0005339156710139073 0.0
1506 0.0004885685570265666 0.0
1507 0.002942120895933332 0.0
1508 0.0020434206844912634 0.0
1509 0.003439822109904509 0.0
1510 0.0011968116183567027 0.0
1511 0.003331063952969134 0.0
1512 0.0007198082394028426 0.0
1513 0.00390135012681011 0.0
1514 0.004114118601149261 0.0
1515 0.0004608709281724587 0.0
1516 0.0015667500856894406 0.0
1517 0.0015508013762097362 0.0
1518 0.0032043067647258847 0.0
1519 0.0085847269180411 0.0
1520 0.005110560935115954 0.0
1521 0.0016444342436008567 0.0
1522 0.004671107569815446 0.0
1523 0.005789175430148646 0.0
1524 0.003703273200491011 0.0
1525 0.0032729398093220815 0.0
1526 0.0 0.0
1527 0.002215240600226922 0.0
1528 0.0021196377854749504 0.0
1529 0.005070429861414298 0.0
1530 0.0077278947353231955 0.0
1531 0.0052140961365481405 0.0
1532 0.002392846063656522 0.0
1533 0.004959551207182412 0.0
1534 0.004189699934762961 0.0
1535 0.0018123309438930555 0.0
1536 0.0028871087143078423 0.0
1537 0.00014927091197854735 0.0
1538 0.001385331248181305 0.0
1539 0.00047337226485123335 0.0
1540 0.009095278006668785 0.0
1541 0.0004015470699008446 0.0
1542 0.01879469896427891 0.0
1543 0.0025460252447370916 0.0
1544 0.0007386150214227192 0.0
1545 0.003240614322525502 0.0
1546 0.00711861988634669 0.0
1547 0.002483244392882208 0.0
1548 0.0010824897744246172 0.0
1549 0.0007117335504768335 0.0
1550 0.0007736826668356066 0.0
1551 0.0007566389308269138 0.0
1552 0.0022087893028211944 0.0
1553 0.002485924298381974 0.0
1554 0.003421131060895001 0.0
1555 0.00053335393323291 0.0
1556 0.002025679025642092 0.0
1557 0.004012785696988175 0.0
1558 0.005374028956728091 0.0
1559 0.006927211648133876 0.0
1560 0.00394576804118827 0.0
1561 0.004914367943602837 0.0
1562 0.005888028409199512 0.0
1563 0.006085084348561091 0.0
1564 0.00897400487508593 0.0
1565 0.005883171267714037 0.0
1566 0.002715109712990856 0.0
1567 0.003408860005552809 0.0
1568 0.011219984743433503 0.0
1569 0.0010153506075531967 0.0
1570 0.008157727601051724 0.0
1571 0.0001442738085196144 0.0
1572 0.0018052852698123587 0.0
1573 0.0003642113306245828 0.0
1574 0.0009422344146710074 0.0
1575 0.0006459262217782957 0.0
1576 0.0036107049550260293 0.0
1577 0.002343098616361271 0.0
1578 0.0004872619173789835 0.0
1579 0.0015800029928104893 0.0
1580 0.0012749678471884966 0.0
1581 0.010351751128721158 0.0
1582 0.002786981843514706 0.0
1583 0.008047849237842254 0.0
1584 0.002304987182872118 0.0
1585 0.0017891392512206104 0.0
1586 0.003926890379363981 0.0
1587 0.002363069757530545 0.0
1588 0.0035976003181348013 0.0
1589 0.0016133010387344353 0.0
1590 0.000582510951433901 0.0
1591 0.0011321602349999452 0.0
1592 0.008223996403053761 0.0
1593 0.0031191110012627203 0.0
1594 0.0105777654643148 0.0
1595 0.010590474025507538 0.0
1596 0.005622644773416092 0.0
1597 0.012591379357666937 0.0
1598 0.006552000604272862 0.0
1599 0.005030534475954852 0.0
1600 0.007009470641917554 0.0
1601 0.0022326044794333823 0.0
1602 0.003093176262278587 0.0
1603 0.005728056450460125 0.0
1604 0.004939222639533146 0.0
1605 0.0013057681381184322 0.0
1606 0.006136218439164072 0.0
1607 0.0019003129706960773 0.0
1608 0.003030675826221371 0.0
1609 0.0005875037050994022 0.0
1610 0.0024077245829092738 0.0
1611 0.002637655122185382 0.0
1612 0.008238849930637728 0.0
1613 0.006485991909633637 0.0
1614 0.004884766527695116 0.0
1615 0.005283628009781089 0.0
1616 0.0017712392077796626 0.0
1617 0.009429291266774978 0.0
1618 0.0033300530855429524 0.0
1619 0.004547301692700292 0.0
1620 0.0027062022796357646 0.0
1621 0.0039919757555580745 0.0
1622 0.002172425449993007 0.0
1623 0.0013337529009739813 0.0
1624 0.0015726288972905062 0.0
1625 0.00047207068999044266 0.0
1626 0.0012522624617338288 0.0
1627 0.006460238610733242 0.0
1628 0.004230076418925346 0.0
1629 0.002256295642829974 0.0
1630 0.0016830597363761018 0.0
1631 0.002522900337552324 0.0
1632 0.002887371193232579 0.0
1633 0.005764470605051498 0.0
1634 0.003647457887392627 0.0
1635 0.010142655209352402 0.0
1636 0.0016128772921080317 0.0
1637 0.005396416507683862 0.0
1638 0.000720666391452306 0.0
1639 0.0036366743604303296 0.0
1640 0.0036958734448102855 0.0
1641 0.0017927164122199253 0.0
1642 0.0028489481230201705 0.0
1643 0.00528922637051439 0.0
1644 0.0008226182827057402 0.0
1645 0.00210051206506313 0.0
1646 0.005911889476821194 0.0
1647 0.002623900591466388 0.0
1648 0.0033439557728255275 0.0
1649 0.0023652308348571407 0.0
1650 0.0020972209640347317 0.0
1651 0.0023869681490557653 0.0
1652 0.0037998505211564453 0.0
1653 0.0026285404193690395 0.0
1654 0.002482866343694959 0.0
1655 0.0018946222895914792 0.0
1656 0.0020387355778582195 0.0
1657 0.001601488776662341 0.0
1658 0.003351770892891114 0.0
1659 0.001300471116355145 0.0
1660 0.0022432343863836583 0.0
1661 0.0003694652263190656 0.0
1662 0.0029906133511123753 0.0
1663 0.002317510830522363 0.0
1664 0.0016786067093015396 0.0
1665 0.0008095422152162167 0.0
1666 7.047227081485475e-05 0.0
1667 0.002551347471340216 0.0
1668 0.004344895499645865 0.0
1669 0.0007756541416291306 0.0
1670 0.004176374160685758 0.0
1671 0.002943123957718404 0.0
1672 0.007830933661163124 0.0
1673 0.004312507130240006 0.0
1674 0.0005182989535582774 0.0
1675 0.00142928036343801 0.0
1676 0.0045490914930001085 0.0
1677 0.002643864014023107 0.0
1678 0.0002705716898158241 0.0
1679 0.005164660472369241 0.0
1680 0.0012139817475138779 0.0
1681 0.00024792276258721926 0.0
1682 0.0008410411262566696 0.0
1683 0.002153585545278736 0.0
1684 0.004078282642040546 0.0
1685 0.001978897974507865 0.0
1686 0.00016488463933056452 0.0
1687 0.004802127877162185 0.0
1688 0.0007275679485374065 0.0
1689 0.0011541373585696032 0.0
1690 0.0028904219657846816 0.0
1691 0.002540647461760943 0.0
1692 0.004555640289157843 0.0
1693 0.0024638714092139915 0.0
1694 0.006013292929385039 0.0
1695 0.0011718941481155382 0.0
1696 0.008095983794614518 0.0
1697 0.006224097856106452 0.0
1698 0.004814533540979693 0.0
1699 0.005400612011863524 0.0
1700 0.005626599550379627 0.0
1701 0.0 0.0
1702 0.0022454642097523084 0.0
1703 0.009497647299789034 0.0
1704 0.0024866335508115568 0.0
1705 0.004123855471648523 0.0
1706 0.0007316654998317097 0.0
1707 0.0008116196069825251 0.0
1708 0.0009769545021741247 0.0
1709 0.002396327609796217 0.0
1710 0.0043044205378601885 0.0
1711 0.007755963336094945 0.0
1712 0.00038607351254018387 0.0
1713 0.006203623870688697 0.0
1714 0.0018027511713788298 0.0
1715 0.00802164094681574 0.0
1716 0.0015737927350144715 0.0
1717 0.00210032288424975 0.0
1718 0.004649632554857881 0.0
1719 0.0060573990854160846 0.0
1720 0.0003332781748725378 0.0
1721 0.001720254653361047 0.0
1722 0.0007944613597136372 0.0
1723 0.003917140218609424 0.0
1724 0.0036605464758105058 0.0
1725 0.0011717761732831366 0.0
1726 0.006294627278343237 0.0
1727 0.00039577016511607466 0.0
1728 0.00473843190361764 0.0
1729 0.0004752410456183037 0.0
1730 0.0032601393111163905 0.0
1731 0.0007557166782959286 0.0
1732 0.003812844441895371 0.0
1733 0.000571804919249181 0.0
1734 0.0019262962281371304 0.0
1735 0.0039606757827387006 0.0
1736 0.0028696539626922204 0.0
1737 0.012938177471325099 0.0
1738 0.003241167944023463 0.0
1739 0.002083303717883953 0.0
1740 0.002747627516595414 0.0
1741 0.002702661731862343 0.0
1742 0.00032913516243349286 0.0
1743 0.003245506502924935 0.0
1744 0.0005259847401510984 0.0
1745 0.002339107953885993 0.0
1746 0.001330381602145524 0.0
1747 0.0022798743173534706 0.0
1748 0.0027623888087719884 0.0
1749 0.0013120405683646101 0.0
1750 0.004088843279823938 0.0
1751 0.0024369669090392124 0.0
1752 0.0038476650917132725 0.0
1753 0.0011004754060139513 0.0
1754 0.004567800102186503 0.0
1755 0.006670444081246667 0.0
1756 0.0010791790702923151 0.0
1757 0.0020153298826042017 0.0
1758 0.0062360946348188956 0.0
1759 0.0034353947285973878 0.0
1760 0.008279672864824714 0.0
1761 0.00040473218309949 0.0
1762 0.009812390532149587 0.0
1763 0.002839473429380212 0.0
1764 0.006910133096990271 0.0
1765 0.0 0.0
1766 0.0061769474408052616 0.0
1767 0.003925911178730953 0.0
1768 0.002947799354826315 0.0
1769 0.004433043992279297 0.0
1770 0.0016289146742519344 0.0
1771 0.0018970187889421565 0.0
1772 0.00023908626967606613 0.0
1773 0.0015488411996184188 0.0
1774 0.002226792068659618 0.0
1775 0.005726450172726107 0.0
1776 0.0033196817511061314 0.0
1777 0.004694211377506447 0.0
1778 0.004838098337154527 0.0
1779 0.0014346285461682975 0.0
1780 0.0024114167503368976 0.0
1781 0.0016041900342303047 0.0
1782 0.0004611152082202632 0.0
1783 0.001016176778376234 0.0
1784 0.005639388881881712 0.0
1785 0.000366123885316949 0.0
1786 0.0015809507453236333 0.0
1787 0.002413774868497864 0.0
1788 0.001221430868750641 0.0
1789 0.0022692531918108894 0.0
1790 0.0032630178714567718 0.0
1791 0.002108248196594415 0.0
1792 0.003013339618170459 0.0
1793 0.004829609450601636 0.0
1794 0.011100762680092207 0.0
1795 0.001023369255313699 0.0
1796 0.006262123962626152 0.0
1797 0.004972873096432855 0.0
1798 0.0 0.0
1799 0.00284002793983941 0.0
1800 0.00270763560823741 0.0
1801 0.0019385102554406832 0.0
1802 0.002656025937094832 0.0
1803 0.0013607223312504621 0.0
1804 0.0016739656522348457 0.0
1805 0.003396826002389817 0.0
1806 0.00824518016548319 0.0
1807 0.005886033540594192 0.0
1808 0.0 0.0
1809 0.0011446679853787261 0.0
1810 0.004675309558950038 0.0
1811 0.0008488438124185043 0.0
1812 0.0019952726248602267 0.0
1813 0.0004598615578906809 0.0
1814 0.0012719121056088125 0.0
1815 0.0006385762717241898 0.0
1816 0.004281413987142063 0.0
1817 0.002195299321567375 0.0
1818 0.011008765126422163 0.0
1819 0.0014151899813198375 0.0
1820 8.32496153148395e-05 0.0
1821 0.0035834088362848727 0.0
1822 0.0004558153554041776 0.0
1823 0.004318492466013596 0.0
1824 0.0009354220915337913 0.0
1825 0.006713250717741359 0.0
1826 0.005470924777396503 0.0
1827 0.0030817044646322565 0.0
1828 0.00033579159370384276 0.0
1829 0.0010907361213578258 0.0
1830 0.0012909995293455374 0.0
1831 0.002638950823033954 0.0
1832 0.004583037370449866 0.0
1833 0.003522987098818473 0.0
1834 0.006337114373414097 0.0
1835 0.00580739873768407 0.0
1836 0.005230525741978021 0.0
1837 0.002225460860322426 0.0
1838 0.00331049801519266 0.0
1839 0.0031444626980577854 0.0
1840 0.008823696712974699 0.0
1841 0.0051918200585470056 0.0
1842 0.0019144722218625942 0.0
1843 0.0020117612472474733 0.0
1844 0.004618221880593369 0.0
1845 0.0024907722069808236 0.0
1846 0.014049603558788561 0.0
1847 0.0041105160896928 0.0
1848 0.00029993645676656836 0.0
1849 0.006887419869111372 0.0
1850 0.0032041371568434017 0.0
1851 0.0025414554029936673 0.0
1852 0.0016793998994873486 0.0
1853 0.0014214270477100207 0.0
1854 0.000601281581041195 0.0
1855 0.0004167091133049594 0.0
1856 0.0005864244495993742 0.0
1857 0.0009268573372476627 0.0
1858 0.0015834320263107158 0.0
1859 0.006336462688975264 0.0
1860 0.003857512923892269 0.0
1861 0.010003511434746716 0.0
1862 0.0071166789675336005 0.0
1863 0.00935647281054532 0.0
1864 0.005941301201983254 0.0
1865 0.010911922847609647 0.0
1866 0.00046506611804554435 0.0
1867 0.002044117145768667 0.0
1868 0.0008146175998102508 0.0
1869 0.0029231582586261937 0.0
1870 0.0052274475648805205 0.0
1871 0.0029120630400721204 0.0
1872 0.0049722800604240485 0.0
1873 0.0024448512477906518 0.0
1874 0.0017382090212650866 0.0
1875 0.004033795364651451 0.0
1876 0.0029566729072093784 0.0
1877 0.0046404069164593595 0.0
1878 0.0027252798744616296 0.0
1879 0.0010420332317207135 0.0
1880 0.00023534493796255326 0.0
1881 0.0009473181077106177 0.0
1882 0.0025176354529566096 0.0
1883 0.002775249528478652 0.0
1884 0.0008000412718514398 0.0
1885 0.0030849962593246212 0.0
1886 0.0005075417207706465 0.0
1887 0.0019111327316523343 0.0
1888 0.00271804401554792 0.0
1889 0.006171394940045871 0.0
1890 0.0035699246183931595 0.0
1891 0.0040471807127795915 0.0
1892 0.0006282254184308806 0.0
1893 0.0018567357611969746 0.0
1894 0.0005146682511236259 0.0
1895 0.0024435472332022894 0.0
1896 0.0005744378330381863 0.0
1897 0.0008593320487438034 0.0
1898 0.0011371360743640526 0.0
1899 0.0011800936397140741 0.0
1900 0.003644341255108944 0.0
1901 0.0026258193310867424 0.0
1902 0.0002983701072392533 0.0
1903 0.007291198378336533 0.0
1904 0.0032512187067213092 0.0
1905 0.007110339842253414 0.0
1906 0.0025377070872544425 0.0
1907 0.0027181277338072635 0.0
1908 0.0031821966746515603 0.0
1909 0.004626437194511805 0.0
1910 0.0032855947478870975 0.0
1911 0.005650737020757612 0.0
1912 0.005017250367560771 0.0
1913 0.0013153608082991182 0.0
1914 0.00752724860654888 0.0
1915 0.0022710152902503597 0.0
1916 0.004394126774090881 0.0
1917 0.003411324369432817 0.0
1918 0.002215631527989188 0.0
1919 0.006740296531830096 0.0
1920 0.004102084284369596 0.0
1921 0.0002743086974808545 0.0
1922 0.0012527405362057667 0.0
1923 0.0004668599218343729 0.0
1924 0.0032662441493686812 0.0
1925 0.001145203801080374 0.0
1926 0.0014770471426703883 0.0
1927 0.006166045879449782 0.0
1928 0.0014557041093573731 0.0
1929 0.006171457421624252 0.0
1930 0.004101768863566523 0.0
1931 0.011114179834078973 0.0
1932 0.0038626696867447245 0.0
1933 0.0011891483474106635 0.0
1934 0.0023194409261208812 0.0
1935 0.007313887500982362 0.0
1936 0.0049988374617911495 0.0
1937 0.003964369999755966 0.0
1938 0.01539755484337945 0.0
1939 0.0 0.0
1940 0.0066625344790047815 0.0
1941 0.0027844745542159976 0.0
1942 0.001343801218931333 0.0
1943 0.0010228986219203943 0.0
1944 0.002460830271479571 0.0
1945 0.0021477662692913468 0.0
1946 0.007947668630671539 0.0
1947 0.0007923837642306443 0.0
1948 0.005016885473532069 0.0
1949 0.005523117032336786 0.0
1950 0.004032812811417513 0.0
1951 0.00810553012307127 0.0
1952 0.0005735935976873102 0.0
1953 0.009900851164263624 0.0
1954 0.0020454331071639896 0.0
1955 0.006234896170796275 0.0
1956 0.005034609722427215 0.0
1957 0.0002806721644950738 0.0
1958 0.005321500047849818 0.0
1959 0.0007870135227812839 0.0
1960 0.0038726959210399424 0.0
1961 0.0029679662841101987 0.0
1962 0.0026841303902214756 0.0
1963 0.0037288152019641857 0.0
1964 0.001607996970590836 0.0
1965 0.0037213654174476606 0.0
1966 0.0033880467654982837 0.0
1967 0.006312672800510103 0.0
1968 0.001486991460851955 0.0
1969 0.008200715634100414 0.0
1970 0.0046465193254869456 0.0
1971 0.00812259306979336 0.0
1972 0.0 0.0
1973 0.008604859400059953 0.0
1974 0.002826677792815788 0.0
1975 0.0015203993668354997 0.0
1976 0.001379026511027467 0.0
1977 0.003967384640601291 0.0
1978 0.005969655633468896 0.0
1979 0.006759030419823561 0.0
1980 0.0 0.0
1981 0.004291585836648441 0.0
1982 0.0024178434315380685 0.0
1983 0.0003485247833635976 0.0
1984 0.008738568311078018 0.0
1985 0.005251714155553616 0.0
1986 0.0013491724183645434 0.0
1987 0.002731052020697854 0.0
1988 0.005820545293613991 0.0
1989 0.0030716778999140596 0.0
1990 0.00517975127533846 0.0
1991 0.001884834287352516 0.0
1992 0.0037473737500879375 0.0
1993 0.0019449353298898416 0.0
1994 0.003126106449255427 0.0
1995 0.0013951655647936622 0.0
1996 0.004150476521003851 0.0
1997 0.004651417911711752 0.0
1998 0.006370096997010037 0.0
1999 0.009842776400707683 0.0
